NAK-380 Etappe 5 Nacharbeit 0 - Nachbau-2 des Laufzeitschaetzers nach R-380-13 (numpy, Bauer Opus 5.5 xhigh, 26.09.2026)
Zweck: Bias und Streuung der Phasensteigung (kleinste Quadrate ueber die sequenziell entwickelten Binphasen arg Sxy[k],
R-380-13 (ii)) je Rate D1 bis D6 gegen die Toleranzformel T_B aus R-380-13 (iii); Beleg je Band T_B >= 3*SD + |Bias|.
Aufbau: 44,1/48/88,2/96/176,4/192 kHz, d = round(0,001*fs) = 44/48/88/96/176/192; Hauptstufe N 4096, Hop 2048, Ring W_H = 3;
Bassstufe N 16 384, Hop 8192, Ring W_B = 7 (nur Raten mit Bassbaendern ab zwei Bins); periodisches Hann; F = Frames im Ring
am letzten Snapshot bei Block 512, Evidenzintervall 0,25 s, 10 s Signal nach dem Kadenzmodell des Tests
(nak380SnapshotsSegmente, nak380RingFrames); C = rho_w(d)^2 der Stufe; Signal gleichverteiltes Rauschen, R = L um d
verzoegert; 40 Laeufe je Rate und Stufe, Saat 3 wie im Vorgaenger (NAK-380-etappe-5-laufzeit-nachbau.txt); Baender
und Bins aus dem Gitter nakama_1_24_oct_30_18k_v1.json (nur lesend), Kappe min(18 kHz, 0,95*fs/2). Binzahlklassen
2, 3, 4-5, 6-10, 11-19, 20-39, >=40; je Klasse Bias und SD als Mittel der Bandwerte, T_B min bis max, und das
groesste Verhaeltnis (3*SD + |Bias|)/T_B ueber die Baender der Klasse (gehalten, wenn <= 1).
Lauf: py -3.13 nachbau2.py im Sitzungsordner ausserhalb des Repos (keine Schreibwirkung ins Repo), 26.09.2026
03:23:42 bis 03:23:45 Uhr, Exit 0 (Exit 1 hiesse: mindestens ein Band verfehlt den Beleg).
Ergebnis: alle 38 Klassen gehalten, 0 Baender mit verfehltem Beleg; groesstes Verhaeltnis 0,879 (96 kHz, K = 2),
groesstes max|Fehler|/T_B ueber 40 Laeufe 0,904 (88,2 kHz, K = 2). Die Formel unterschaetzt die Streuung bei K = 2
um 7 bis 15 % (SD 0,074 bis 0,201 ms gegen sigma_tau 0,069 bis 0,184 ms) und bei K = 3 um bis zu 9 %;
ab K = 4 ist sie konservativ (SD/sigma_tau 0,90 bis 0,96 bei K = 4, 0,60 bis 0,67 bei K = 10, 0,41 bis 0,50 bei K = 20),
weil benachbarte Hann-Bins positiv korreliert sind. Der Bias der
Steigung liegt in jeder Klasse bei hoechstens 0,011 ms (K = 2, Rauschen der 40 Laeufe), ab K = 3 bei hoechstens 0,003 ms.
Das Lag-1-Produkt liegt bei 44,1/48 kHz und K >= 20 im Mittel 0,021 bis 0,024 ms daneben (Rotbeweis c).

Ausgabe (woertlich):
    Nachbau-2: Phasensteigung (kleinste Quadrate ueber die entwickelten Binphasen) je Rate, 40 Laeufe, Block 512, Intervall 0.25 s
    Beleg je Band: T_B >= 3*SD + |Bias| (SD mit ddof 1 ueber die Laeufe); Klasse gehalten, wenn jedes Band der Klasse haelt.
    
    Zusammenfassung je Rate, Stufe und Binzahlklasse (Bias und SD in ms, gemittelt ueber die Baender der Klasse; T_B min bis max):
      fs      Stufe  F   C        df(Hz)   Klasse  Baender K       Bias      SD        T_B min   T_B max   max(3SD+|Bias|)/T_B  max|Fehler|/T_B  gehalten
        44.1  haupt   20 0.998483  10.7666  2        18      2-2    +0.00301  0.16062  0.73938   0.73938   0.843                0.756            ja
        44.1  haupt   20 0.998483  10.7666  3        12      3-3    +0.00287  0.07646  0.35614   0.35614   0.761                0.825            ja
        44.1  haupt   20 0.998483  10.7666  4-5      16      4-5    +0.00090  0.03483  0.15927   0.22524   0.632                0.641            ja
        44.1  haupt   20 0.998483  10.7666  6-10     22      6-10   -0.00011  0.01298  0.05545   0.12040   0.579                0.553            ja
        44.1  haupt   20 0.998483  10.7666  11-19    21     11-19   -0.00010  0.00380  0.02110   0.04802   0.401                0.348            ja
        44.1  haupt   20 0.998483  10.7666  20-39    25     20-39   +0.00010  0.00099  0.00717   0.01953   0.318                0.295            ja
        44.1  haupt   20 0.998483  10.7666  >=40      7     40-48   +0.00000  0.00038  0.00525   0.00690   0.225                0.185            ja
        44.1  bass    12 0.999905   2.6917  2        13      2-2    -0.00505  0.20127  0.96438   0.96438   0.772                0.778            ja
        48.0  haupt   22 0.998194  11.7188  2        18      2-2    +0.00421  0.15380  0.70541   0.70541   0.872                0.667            ja
        48.0  haupt   22 0.998194  11.7188  3        12      3-3    +0.00175  0.07417  0.34036   0.34036   0.802                0.799            ja
        48.0  haupt   22 0.998194  11.7188  4-5      16      4-5    +0.00165  0.03346  0.15221   0.21526   0.679                0.617            ja
        48.0  haupt   22 0.998194  11.7188  6-10     22      6-10   +0.00012  0.01190  0.05299   0.11506   0.559                0.476            ja
        48.0  haupt   22 0.998194  11.7188  11-19    22     11-19   -0.00012  0.00353  0.02016   0.04589   0.407                0.393            ja
        48.0  haupt   22 0.998194  11.7188  20-39    24     20-39   -0.00003  0.00097  0.00685   0.01867   0.367                0.318            ja
        48.0  haupt   22 0.998194  11.7188  >=40      4     40-44   +0.00005  0.00038  0.00571   0.00659   0.203                0.165            ja
        48.0  bass    13 0.999887   2.9297  2        10      2-2    -0.01020  0.19470  0.92695   0.92695   0.777                0.668            ja
        88.2  haupt   40 0.993944  21.5332  2        18      2-2    +0.00067  0.11575  0.51778   0.51778   0.791                0.904            ja
        88.2  haupt   40 0.993944  21.5332  3        12      3-3    -0.00057  0.05264  0.25212   0.25212   0.768                0.726            ja
        88.2  haupt   40 0.993944  21.5332  4-5      16      4-5    -0.00135  0.02518  0.11275   0.15945   0.656                0.555            ja
        88.2  haupt   40 0.993944  21.5332  6-10     22      6-10   +0.00012  0.00889  0.03925   0.08523   0.597                0.498            ja
        88.2  haupt   40 0.993944  21.5332  11-19    21     11-19   +0.00018  0.00259  0.01493   0.03400   0.413                0.347            ja
        88.2  haupt   40 0.993944  21.5332  20-39     8     20-24   +0.00013  0.00099  0.01051   0.01383   0.301                0.270            ja
        96.0  haupt   43 0.992797  23.4375  2        18      2-2    +0.00118  0.11237  0.50021   0.50021   0.879                0.839            ja
        96.0  haupt   43 0.992797  23.4375  3        12      3-3    +0.00016  0.04965  0.24379   0.24379   0.718                0.733            ja
        96.0  haupt   43 0.992797  23.4375  4-5      16      4-5    -0.00172  0.02356  0.10902   0.15418   0.654                0.572            ja
        96.0  haupt   43 0.992797  23.4375  6-10     22      6-10   -0.00004  0.00863  0.03796   0.08241   0.557                0.478            ja
        96.0  haupt   43 0.992797  23.4375  11-19    22     11-19   -0.00003  0.00266  0.01444   0.03287   0.504                0.411            ja
        96.0  haupt   43 0.992797  23.4375  20-39     4     20-22   -0.00005  0.00112  0.01159   0.01337   0.312                0.304            ja
       176.4  haupt   79 0.975994  43.0664  2        18      2-2    -0.00070  0.08049  0.36731   0.36731   0.820                0.778            ja
       176.4  haupt   79 0.975994  43.0664  3        12      3-3    -0.00031  0.03551  0.18023   0.18023   0.721                0.719            ja
       176.4  haupt   79 0.975994  43.0664  4-5      16      4-5    -0.00056  0.01768  0.08060   0.11399   0.689                0.553            ja
       176.4  haupt   79 0.975994  43.0664  6-10     22      6-10   -0.00003  0.00648  0.02806   0.06093   0.565                0.478            ja
       176.4  haupt   79 0.975994  43.0664  11-19     5     11-12   +0.00001  0.00263  0.02131   0.02430   0.388                0.271            ja
       192.0  haupt   86 0.971496  46.8750  2        18      2-2    +0.00019  0.07428  0.35298   0.35298   0.758                0.670            ja
       192.0  haupt   86 0.971496  46.8750  3        12      3-3    -0.00164  0.03548  0.17333   0.17333   0.728                0.576            ja
       192.0  haupt   86 0.971496  46.8750  4-5      16      4-5    -0.00079  0.01686  0.07752   0.10962   0.641                0.573            ja
       192.0  haupt   86 0.971496  46.8750  6-10     22      6-10   +0.00029  0.00609  0.02699   0.05860   0.640                0.625            ja
       192.0  haupt   86 0.971496  46.8750  11-19     2     11-11   -0.00011  0.00281  0.02337   0.02337   0.426                0.386            ja
    
    Lag-1-Produkt zum Vergleich (Rotbeweis c), mittlerer Fehler in ms bei K >= 20 gegen die Steigung:
        44.1 kHz haupt K 20-39  Lag-1 -0.02303  Steigung +0.00010
        44.1 kHz haupt K >=40   Lag-1 -0.02391  Steigung +0.00000
        48.0 kHz haupt K 20-39  Lag-1 -0.02121  Steigung -0.00003
        48.0 kHz haupt K >=40   Lag-1 -0.02135  Steigung +0.00005
        88.2 kHz haupt K 20-39  Lag-1 -0.01179  Steigung +0.00013
        96.0 kHz haupt K 20-39  Lag-1 -0.01123  Steigung -0.00005
    
    Bander mit verfehltem Beleg: 0
    
    Detail je Band (fs kHz, Stufe, Band, K, Bias ms, SD ms, sigma_tau Formel ms, T_B ms, (3SD+|Bias|)/T_B, max|Fehler|/T_B):
        44.1 haupt  90  2 +0.01752 0.14646 0.14246 0.73938 0.618 0.420
        44.1 haupt  95  2 -0.00297 0.17100 0.14246 0.73938 0.698 0.502
        44.1 haupt  98  2 +0.01706 0.13205 0.14246 0.73938 0.559 0.627
        44.1 haupt 100  2 +0.01259 0.15190 0.14246 0.73938 0.633 0.489
        44.1 haupt 102  2 +0.00228 0.16256 0.14246 0.73938 0.663 0.470
        44.1 haupt 104  2 +0.01516 0.17307 0.14246 0.73938 0.723 0.579
        44.1 haupt 105  2 -0.03315 0.15865 0.14246 0.73938 0.689 0.446
        44.1 haupt 107  2 -0.00376 0.19067 0.14246 0.73938 0.779 0.616
        44.1 haupt 108  2 +0.00032 0.16175 0.14246 0.73938 0.657 0.388
        44.1 haupt 109  2 +0.04932 0.19144 0.14246 0.73938 0.843 0.756
        44.1 haupt 110  2 -0.00023 0.16025 0.14246 0.73938 0.651 0.546
        44.1 haupt 111  2 -0.01237 0.15021 0.14246 0.73938 0.626 0.377
        44.1 haupt 112  2 -0.00697 0.13787 0.14246 0.73938 0.569 0.542
        44.1 haupt 113  2 +0.02045 0.15104 0.14246 0.73938 0.640 0.604
        44.1 haupt 114  3 -0.01275 0.08098 0.07123 0.35614 0.718 0.513
        44.1 haupt 115  2 +0.01244 0.17781 0.14246 0.73938 0.738 0.537
        44.1 haupt 116  2 +0.01169 0.19130 0.14246 0.73938 0.792 0.570
        44.1 haupt 117  3 -0.00917 0.06747 0.07123 0.35614 0.594 0.415
        44.1 haupt 118  2 -0.00558 0.13736 0.14246 0.73938 0.565 0.439
        44.1 haupt 119  3 +0.01442 0.06917 0.07123 0.35614 0.623 0.584
        44.1 haupt 120  2 -0.03958 0.14582 0.14246 0.73938 0.645 0.353
        44.1 haupt 121  3 +0.01310 0.07647 0.07123 0.35614 0.681 0.559
        44.1 haupt 122  3 +0.00630 0.07416 0.07123 0.35614 0.642 0.456
        44.1 haupt 123  3 +0.00767 0.08320 0.07123 0.35614 0.722 0.608
        44.1 haupt 124  3 +0.00892 0.08043 0.07123 0.35614 0.703 0.587
        44.1 haupt 125  3 +0.02008 0.08150 0.07123 0.35614 0.743 0.585
        44.1 haupt 126  3 +0.00178 0.07145 0.07123 0.35614 0.607 0.570
        44.1 haupt 127  3 -0.01784 0.08438 0.07123 0.35614 0.761 0.825
        44.1 haupt 128  4 +0.00029 0.04209 0.04505 0.22524 0.562 0.457
        44.1 haupt 129  3 -0.00039 0.06069 0.07123 0.35614 0.512 0.392
        44.1 haupt 130  3 +0.00232 0.08758 0.07123 0.35614 0.744 0.593
        44.1 haupt 131  4 +0.00653 0.04035 0.04505 0.22524 0.566 0.400
        44.1 haupt 132  4 +0.00001 0.04742 0.04505 0.22524 0.632 0.641
        44.1 haupt 133  4 +0.00089 0.04093 0.04505 0.22524 0.549 0.548
        44.1 haupt 134  4 +0.00517 0.04127 0.04505 0.22524 0.573 0.389
        44.1 haupt 135  4 +0.00791 0.04071 0.04505 0.22524 0.577 0.509
        44.1 haupt 136  4 -0.00364 0.04358 0.04505 0.22524 0.597 0.454
        44.1 haupt 137  4 -0.00041 0.04171 0.04505 0.22524 0.557 0.433
        44.1 haupt 138  5 +0.00723 0.02099 0.03185 0.15927 0.441 0.398
        44.1 haupt 139  4 -0.00124 0.04291 0.04505 0.22524 0.577 0.541
        44.1 haupt 140  5 -0.00218 0.02651 0.03185 0.15927 0.513 0.411
        44.1 haupt 141  5 -0.00141 0.02512 0.03185 0.15927 0.482 0.410
        44.1 haupt 142  5 -0.00430 0.03170 0.03185 0.15927 0.624 0.601
        44.1 haupt 143  5 -0.00373 0.01769 0.03185 0.15927 0.357 0.345
        44.1 haupt 144  5 +0.00076 0.02703 0.03185 0.15927 0.514 0.362
        44.1 haupt 145  6 +0.00029 0.01820 0.02408 0.12040 0.456 0.334
        44.1 haupt 146  5 +0.00254 0.02724 0.03185 0.15927 0.529 0.397
        44.1 haupt 147  6 -0.00109 0.01759 0.02408 0.12040 0.447 0.335
        44.1 haupt 148  6 +0.00221 0.01908 0.02408 0.12040 0.494 0.447
        44.1 haupt 149  6 -0.00068 0.01617 0.02408 0.12040 0.409 0.295
        44.1 haupt 150  6 +0.00007 0.01902 0.02408 0.12040 0.474 0.553
        44.1 haupt 151  7 -0.00089 0.01177 0.01904 0.09518 0.380 0.284
        44.1 haupt 152  7 -0.00190 0.01541 0.01904 0.09518 0.506 0.334
        44.1 haupt 153  6 -0.00247 0.02062 0.02408 0.12040 0.534 0.362
        44.1 haupt 154  7 -0.00177 0.01779 0.01904 0.09518 0.579 0.397
        44.1 haupt 155  8 +0.00225 0.01118 0.01554 0.07772 0.461 0.464
        44.1 haupt 156  7 +0.00358 0.01438 0.01904 0.09518 0.491 0.316
        44.1 haupt 157  8 +0.00127 0.01210 0.01554 0.07772 0.483 0.369
        44.1 haupt 158  8 -0.00253 0.01157 0.01554 0.07772 0.479 0.400
        44.1 haupt 159  8 -0.00159 0.01076 0.01554 0.07772 0.436 0.329
        44.1 haupt 160  8 +0.00215 0.01098 0.01554 0.07772 0.452 0.309
        44.1 haupt 161  9 +0.00090 0.00889 0.01300 0.06502 0.424 0.289
        44.1 haupt 162  9 +0.00202 0.01015 0.01300 0.06502 0.499 0.461
        44.1 haupt 163  9 -0.00052 0.00805 0.01300 0.06502 0.380 0.431
        44.1 haupt 164  9 -0.00109 0.01159 0.01300 0.06502 0.552 0.510
        44.1 haupt 165 10 -0.00108 0.00616 0.01109 0.05545 0.353 0.262
        44.1 haupt 166 10 -0.00049 0.00659 0.01109 0.05545 0.365 0.307
        44.1 haupt 167 10 -0.00101 0.00752 0.01109 0.05545 0.425 0.419
        44.1 haupt 168 11 -0.00106 0.00587 0.00960 0.04802 0.389 0.246
        44.1 haupt 169 11 -0.00018 0.00623 0.00960 0.04802 0.393 0.301
        44.1 haupt 170 11 +0.00082 0.00538 0.00960 0.04802 0.353 0.251
        44.1 haupt 171 12 +0.00004 0.00499 0.00842 0.04212 0.356 0.279
        44.1 haupt 172 12 -0.00115 0.00507 0.00842 0.04212 0.388 0.299
        44.1 haupt 173 12 -0.00006 0.00562 0.00842 0.04212 0.401 0.320
        44.1 haupt 174 12 -0.00014 0.00554 0.00842 0.04212 0.398 0.307
        44.1 haupt 175 13 -0.00068 0.00409 0.00747 0.03733 0.347 0.268
        44.1 haupt 176 14 +0.00026 0.00386 0.00668 0.03339 0.354 0.242
        44.1 haupt 177 13 -0.00003 0.00470 0.00747 0.03733 0.378 0.348
        44.1 haupt 178 14 +0.00004 0.00340 0.00668 0.03339 0.306 0.233
        44.1 haupt 179 15 +0.00007 0.00278 0.00602 0.03010 0.279 0.193
        44.1 haupt 180 15 +0.00068 0.00292 0.00602 0.03010 0.314 0.275
        44.1 haupt 181 15 +0.00029 0.00287 0.00602 0.03010 0.296 0.211
        44.1 haupt 182 16 -0.00031 0.00290 0.00546 0.02731 0.329 0.266
        44.1 haupt 183 16 -0.00051 0.00283 0.00546 0.02731 0.330 0.296
        44.1 haupt 184 17 -0.00017 0.00256 0.00499 0.02493 0.314 0.280
        44.1 haupt 185 18 -0.00012 0.00193 0.00458 0.02288 0.258 0.164
        44.1 haupt 186 17 -0.00014 0.00241 0.00499 0.02493 0.295 0.201
        44.1 haupt 187 19 -0.00014 0.00180 0.00422 0.02110 0.262 0.189
        44.1 haupt 188 18 +0.00042 0.00203 0.00458 0.02288 0.284 0.203
        44.1 haupt 189 20 -0.00002 0.00166 0.00391 0.01953 0.256 0.215
        44.1 haupt 190 20 +0.00021 0.00164 0.00391 0.01953 0.263 0.220
        44.1 haupt 191 20 +0.00018 0.00163 0.00391 0.01953 0.260 0.193
        44.1 haupt 192 22 +0.00030 0.00156 0.00339 0.01693 0.295 0.258
        44.1 haupt 193 21 +0.00075 0.00167 0.00363 0.01815 0.318 0.212
        44.1 haupt 194 23 +0.00025 0.00116 0.00317 0.01583 0.235 0.143
        44.1 haupt 195 23 +0.00028 0.00139 0.00317 0.01583 0.281 0.235
        44.1 haupt 196 24 +0.00020 0.00135 0.00297 0.01485 0.286 0.204
        44.1 haupt 197 24 +0.00028 0.00141 0.00297 0.01485 0.304 0.276
        44.1 haupt 198 25 +0.00024 0.00118 0.00279 0.01397 0.271 0.295
        44.1 haupt 199 26 +0.00014 0.00106 0.00263 0.01317 0.253 0.167
        44.1 haupt 200 27 +0.00010 0.00087 0.00249 0.01244 0.218 0.171
        44.1 haupt 201 27 -0.00027 0.00099 0.00249 0.01244 0.261 0.188
        44.1 haupt 202 28 -0.00029 0.00088 0.00236 0.01178 0.250 0.205
        44.1 haupt 203 29 -0.00014 0.00096 0.00224 0.01118 0.269 0.201
        44.1 haupt 204 30 -0.00001 0.00068 0.00212 0.01062 0.192 0.155
        44.1 haupt 205 31 +0.00013 0.00082 0.00202 0.01011 0.255 0.179
        44.1 haupt 206 32 +0.00003 0.00060 0.00193 0.00964 0.188 0.138
        44.1 haupt 207 32 -0.00007 0.00058 0.00193 0.00964 0.189 0.133
        44.1 haupt 208 34 +0.00007 0.00061 0.00176 0.00880 0.214 0.170
        44.1 haupt 209 35 +0.00000 0.00049 0.00169 0.00843 0.174 0.153
        44.1 haupt 210 35 +0.00005 0.00047 0.00169 0.00843 0.174 0.120
        44.1 haupt 211 37 +0.00001 0.00034 0.00155 0.00775 0.133 0.123
        44.1 haupt 212 37 +0.00008 0.00044 0.00155 0.00775 0.180 0.120
        44.1 haupt 213 39 +0.00005 0.00041 0.00143 0.00717 0.180 0.164
        44.1 haupt 214 40 -0.00004 0.00051 0.00138 0.00690 0.225 0.185
        44.1 haupt 215 41 +0.00003 0.00043 0.00133 0.00665 0.197 0.151
        44.1 haupt 216 43 -0.00002 0.00036 0.00124 0.00619 0.177 0.127
        44.1 haupt 217 43 +0.00003 0.00035 0.00124 0.00619 0.177 0.122
        44.1 haupt 218 45 +0.00004 0.00035 0.00116 0.00578 0.189 0.141
        44.1 haupt 219 46 -0.00000 0.00035 0.00112 0.00559 0.187 0.144
        44.1 haupt 220 48 -0.00001 0.00032 0.00105 0.00525 0.185 0.161
        44.1 bass   42  2 -0.00455 0.17460 0.18384 0.96438 0.548 0.422
        44.1 bass   47  2 -0.00223 0.19364 0.18384 0.96438 0.605 0.473
        44.1 bass   50  2 -0.04129 0.20437 0.18384 0.96438 0.679 0.432
        44.1 bass   52  2 +0.00144 0.19688 0.18384 0.96438 0.614 0.376
        44.1 bass   54  2 +0.02024 0.22218 0.18384 0.96438 0.712 0.560
        44.1 bass   56  2 -0.00729 0.23572 0.18384 0.96438 0.741 0.778
        44.1 bass   57  2 +0.01543 0.24290 0.18384 0.96438 0.772 0.593
        44.1 bass   59  2 +0.03423 0.20331 0.18384 0.96438 0.668 0.563
        44.1 bass   60  2 +0.03091 0.17026 0.18384 0.96438 0.562 0.434
        44.1 bass   61  2 -0.00042 0.20174 0.18384 0.96438 0.628 0.536
        44.1 bass   62  2 -0.02476 0.18402 0.18384 0.96438 0.598 0.455
        44.1 bass   63  2 -0.06909 0.18363 0.18384 0.96438 0.643 0.455
        44.1 bass   64  2 -0.01824 0.20332 0.18384 0.96438 0.651 0.457
        48.0 haupt  92  2 -0.00062 0.15226 0.13614 0.70541 0.648 0.471
        48.0 haupt  98  2 +0.00594 0.16534 0.13614 0.70541 0.712 0.611
        48.0 haupt 101  2 +0.01217 0.12765 0.13614 0.70541 0.560 0.437
        48.0 haupt 103  2 -0.00232 0.15417 0.13614 0.70541 0.659 0.523
        48.0 haupt 105  2 -0.00220 0.13299 0.13614 0.70541 0.569 0.375
        48.0 haupt 107  2 +0.00492 0.20339 0.13614 0.70541 0.872 0.567
        48.0 haupt 108  2 -0.03194 0.14968 0.13614 0.70541 0.682 0.593
        48.0 haupt 109  2 -0.02239 0.15476 0.13614 0.70541 0.690 0.484
        48.0 haupt 111  2 +0.00301 0.16182 0.13614 0.70541 0.692 0.482
        48.0 haupt 112  2 +0.04804 0.17406 0.13614 0.70541 0.808 0.645
        48.0 haupt 113  2 -0.01054 0.13455 0.13614 0.70541 0.587 0.467
        48.0 haupt 114  2 -0.01317 0.12565 0.13614 0.70541 0.553 0.389
        48.0 haupt 115  2 +0.00146 0.17396 0.13614 0.70541 0.742 0.563
        48.0 haupt 116  3 +0.00842 0.07407 0.06807 0.34036 0.678 0.461
        48.0 haupt 117  2 -0.00168 0.13691 0.13614 0.70541 0.585 0.430
        48.0 haupt 118  2 +0.02626 0.14640 0.13614 0.70541 0.660 0.401
        48.0 haupt 119  2 +0.01507 0.16319 0.13614 0.70541 0.715 0.667
        48.0 haupt 120  3 -0.01008 0.05772 0.06807 0.34036 0.538 0.425
        48.0 haupt 121  2 +0.00198 0.16017 0.13614 0.70541 0.684 0.474
        48.0 haupt 122  3 +0.01123 0.07308 0.06807 0.34036 0.677 0.474
        48.0 haupt 123  3 -0.00995 0.07957 0.06807 0.34036 0.731 0.569
        48.0 haupt 124  2 +0.04180 0.15143 0.13614 0.70541 0.703 0.658
        48.0 haupt 125  3 +0.00148 0.07147 0.06807 0.34036 0.634 0.391
        48.0 haupt 126  3 +0.00303 0.07848 0.06807 0.34036 0.701 0.548
        48.0 haupt 127  3 +0.01205 0.08029 0.06807 0.34036 0.743 0.614
        48.0 haupt 128  3 +0.01228 0.07849 0.06807 0.34036 0.728 0.539
        48.0 haupt 129  3 -0.00266 0.06613 0.06807 0.34036 0.591 0.585
        48.0 haupt 130  3 -0.01437 0.08619 0.06807 0.34036 0.802 0.799
        48.0 haupt 131  4 +0.00544 0.04653 0.04305 0.21526 0.674 0.617
        48.0 haupt 132  3 +0.00605 0.05535 0.06807 0.34036 0.506 0.418
        48.0 haupt 133  4 -0.00081 0.04844 0.04305 0.21526 0.679 0.513
        48.0 haupt 134  3 +0.00349 0.08924 0.06807 0.34036 0.797 0.652
        48.0 haupt 135  4 -0.00236 0.03719 0.04305 0.21526 0.529 0.388
        48.0 haupt 136  4 +0.00241 0.04009 0.04305 0.21526 0.570 0.403
        48.0 haupt 137  4 +0.00769 0.03508 0.04305 0.21526 0.525 0.389
        48.0 haupt 138  4 +0.00803 0.03757 0.04305 0.21526 0.561 0.476
        48.0 haupt 139  4 -0.00143 0.04093 0.04305 0.21526 0.577 0.549
        48.0 haupt 140  5 -0.00118 0.02405 0.03044 0.15221 0.482 0.359
        48.0 haupt 141  4 +0.00707 0.03698 0.04305 0.21526 0.548 0.398
        48.0 haupt 142  5 +0.00850 0.02392 0.03044 0.15221 0.527 0.374
        48.0 haupt 143  4 +0.00738 0.03800 0.04305 0.21526 0.564 0.371
        48.0 haupt 144  5 -0.00241 0.02401 0.03044 0.15221 0.489 0.466
        48.0 haupt 145  5 -0.00462 0.02928 0.03044 0.15221 0.607 0.388
        48.0 haupt 146  5 -0.00562 0.01783 0.03044 0.15221 0.388 0.302
        48.0 haupt 147  6 -0.00078 0.01765 0.02301 0.11506 0.467 0.313
        48.0 haupt 148  5 +0.00094 0.02587 0.03044 0.15221 0.516 0.395
        48.0 haupt 149  6 -0.00050 0.01775 0.02301 0.11506 0.467 0.476
        48.0 haupt 150  5 -0.00269 0.02966 0.03044 0.15221 0.602 0.485
        48.0 haupt 151  6 +0.00115 0.02106 0.02301 0.11506 0.559 0.388
        48.0 haupt 152  7 +0.00174 0.01064 0.01819 0.09097 0.370 0.336
        48.0 haupt 153  6 +0.00567 0.01922 0.02301 0.11506 0.550 0.399
        48.0 haupt 154  6 +0.00194 0.02055 0.02301 0.11506 0.553 0.388
        48.0 haupt 155  7 -0.00124 0.01504 0.01819 0.09097 0.510 0.370
        48.0 haupt 156  7 -0.00111 0.01488 0.01819 0.09097 0.503 0.432
        48.0 haupt 157  7 -0.00355 0.01192 0.01819 0.09097 0.432 0.439
        48.0 haupt 158  7 +0.00036 0.01323 0.01819 0.09097 0.440 0.300
        48.0 haupt 159  8 +0.00132 0.01007 0.01485 0.07427 0.425 0.293
        48.0 haupt 160  7 +0.00131 0.00967 0.01819 0.09097 0.333 0.309
        48.0 haupt 161  8 -0.00175 0.00922 0.01485 0.07427 0.396 0.251
        48.0 haupt 162  9 -0.00099 0.00879 0.01243 0.06214 0.440 0.405
        48.0 haupt 163  8 +0.00057 0.01061 0.01485 0.07427 0.436 0.360
        48.0 haupt 164  9 -0.00281 0.00858 0.01243 0.06214 0.459 0.331
        48.0 haupt 165  9 -0.00130 0.00838 0.01243 0.06214 0.425 0.364
        48.0 haupt 166  9 +0.00155 0.00675 0.01243 0.06214 0.351 0.231
        48.0 haupt 167  9 +0.00249 0.00779 0.01243 0.06214 0.416 0.335
        48.0 haupt 168 10 -0.00006 0.00623 0.01060 0.05299 0.354 0.260
        48.0 haupt 169 10 -0.00128 0.00657 0.01060 0.05299 0.396 0.351
        48.0 haupt 170 10 -0.00005 0.00730 0.01060 0.05299 0.414 0.289
        48.0 haupt 171 11 +0.00042 0.00471 0.00918 0.04589 0.317 0.233
        48.0 haupt 172 11 -0.00003 0.00560 0.00918 0.04589 0.367 0.302
        48.0 haupt 173 11 +0.00010 0.00471 0.00918 0.04589 0.310 0.298
        48.0 haupt 174 11 -0.00029 0.00545 0.00918 0.04589 0.363 0.393
        48.0 haupt 175 12 -0.00101 0.00468 0.00805 0.04025 0.374 0.283
        48.0 haupt 176 13 -0.00017 0.00443 0.00714 0.03568 0.377 0.307
        48.0 haupt 177 12 -0.00001 0.00429 0.00805 0.04025 0.320 0.208
        48.0 haupt 178 13 -0.00034 0.00473 0.00714 0.03568 0.407 0.338
        48.0 haupt 179 13 -0.00019 0.00411 0.00714 0.03568 0.351 0.275
        48.0 haupt 180 14 -0.00086 0.00369 0.00638 0.03191 0.373 0.351
        48.0 haupt 181 14 -0.00014 0.00316 0.00638 0.03191 0.302 0.280
        48.0 haupt 182 15 +0.00060 0.00324 0.00575 0.02877 0.359 0.386
        48.0 haupt 183 15 +0.00045 0.00355 0.00575 0.02877 0.387 0.331
        48.0 haupt 184 15 +0.00000 0.00292 0.00575 0.02877 0.305 0.192
        48.0 haupt 185 16 +0.00014 0.00308 0.00522 0.02610 0.360 0.298
        48.0 haupt 186 17 +0.00005 0.00249 0.00477 0.02383 0.315 0.234
        48.0 haupt 187 16 -0.00058 0.00250 0.00522 0.02610 0.309 0.223
        48.0 haupt 188 18 -0.00060 0.00226 0.00437 0.02187 0.337 0.301
        48.0 haupt 189 18 -0.00017 0.00253 0.00437 0.02187 0.355 0.261
        48.0 haupt 190 18 -0.00044 0.00196 0.00437 0.02187 0.289 0.219
        48.0 haupt 191 19 +0.00005 0.00177 0.00403 0.02016 0.265 0.211
        48.0 haupt 192 19 +0.00041 0.00174 0.00403 0.02016 0.279 0.221
        48.0 haupt 193 20 -0.00026 0.00168 0.00373 0.01867 0.283 0.242
        48.0 haupt 194 21 -0.00044 0.00198 0.00347 0.01735 0.367 0.318
        48.0 haupt 195 21 -0.00024 0.00152 0.00347 0.01735 0.278 0.193
        48.0 haupt 196 22 +0.00012 0.00164 0.00324 0.01618 0.311 0.295
        48.0 haupt 197 22 +0.00011 0.00130 0.00324 0.01618 0.247 0.188
        48.0 haupt 198 23 +0.00005 0.00117 0.00303 0.01513 0.235 0.189
        48.0 haupt 199 24 +0.00008 0.00103 0.00284 0.01419 0.223 0.173
        48.0 haupt 200 25 +0.00014 0.00104 0.00267 0.01335 0.244 0.172
        48.0 haupt 201 25 +0.00000 0.00130 0.00267 0.01335 0.293 0.278
        48.0 haupt 202 26 -0.00012 0.00105 0.00252 0.01259 0.260 0.284
        48.0 haupt 203 26 +0.00013 0.00105 0.00252 0.01259 0.261 0.223
        48.0 haupt 204 28 +0.00007 0.00079 0.00225 0.01126 0.218 0.129
        48.0 haupt 205 28 +0.00002 0.00073 0.00225 0.01126 0.197 0.143
        48.0 haupt 206 29 +0.00004 0.00068 0.00214 0.01068 0.196 0.156
        48.0 haupt 207 30 +0.00006 0.00061 0.00203 0.01015 0.186 0.161
        48.0 haupt 208 31 +0.00006 0.00072 0.00193 0.00967 0.230 0.174
        48.0 haupt 209 32 -0.00019 0.00077 0.00184 0.00922 0.271 0.213
        48.0 haupt 210 33 -0.00010 0.00069 0.00176 0.00880 0.247 0.177
        48.0 haupt 211 33 +0.00004 0.00066 0.00176 0.00880 0.229 0.171
        48.0 haupt 212 35 -0.00020 0.00064 0.00161 0.00806 0.265 0.173
        48.0 haupt 213 36 -0.00003 0.00055 0.00154 0.00772 0.219 0.157
        48.0 haupt 214 36 +0.00010 0.00058 0.00154 0.00772 0.238 0.193
        48.0 haupt 215 38 +0.00002 0.00051 0.00142 0.00712 0.219 0.181
        48.0 haupt 216 39 -0.00007 0.00048 0.00137 0.00685 0.220 0.163
        48.0 haupt 217 40 -0.00009 0.00041 0.00132 0.00659 0.201 0.117
        48.0 haupt 218 41 +0.00010 0.00038 0.00127 0.00635 0.193 0.148
        48.0 haupt 219 42 +0.00013 0.00037 0.00123 0.00613 0.203 0.140
        48.0 haupt 220 44 +0.00007 0.00035 0.00114 0.00571 0.195 0.165
        48.0 bass   44  2 -0.01194 0.17477 0.17703 0.92695 0.578 0.389
        48.0 bass   50  2 -0.00612 0.18293 0.17703 0.92695 0.599 0.460
        48.0 bass   53  2 -0.03862 0.18588 0.17703 0.92695 0.643 0.408
        48.0 bass   55  2 -0.02481 0.17645 0.17703 0.92695 0.598 0.461
        48.0 bass   57  2 +0.01190 0.20255 0.17703 0.92695 0.668 0.658
        48.0 bass   59  2 -0.01163 0.23627 0.17703 0.92695 0.777 0.492
        48.0 bass   60  2 +0.00482 0.19806 0.17703 0.92695 0.646 0.551
        48.0 bass   61  2 -0.04395 0.18287 0.17703 0.92695 0.639 0.391
        48.0 bass   63  2 +0.03253 0.21038 0.17703 0.92695 0.716 0.654
        48.0 bass   64  2 -0.01417 0.19688 0.17703 0.92695 0.652 0.668
        88.2 haupt 114  2 -0.00379 0.10950 0.10085 0.51778 0.642 0.457
        88.2 haupt 119  2 -0.01027 0.12877 0.10085 0.51778 0.766 0.599
        88.2 haupt 122  2 +0.00625 0.09518 0.10085 0.51778 0.564 0.390
        88.2 haupt 124  2 +0.00307 0.11299 0.10085 0.51778 0.661 0.578
        88.2 haupt 126  2 -0.01740 0.11741 0.10085 0.51778 0.714 0.463
        88.2 haupt 128  2 +0.01228 0.13105 0.10085 0.51778 0.783 0.522
        88.2 haupt 129  2 -0.02326 0.12882 0.10085 0.51778 0.791 0.904
        88.2 haupt 131  2 -0.00207 0.12078 0.10085 0.51778 0.704 0.534
        88.2 haupt 132  2 +0.00311 0.11949 0.10085 0.51778 0.698 0.583
        88.2 haupt 133  2 +0.01692 0.12545 0.10085 0.51778 0.760 0.603
        88.2 haupt 134  2 +0.00227 0.10472 0.10085 0.51778 0.611 0.472
        88.2 haupt 135  2 +0.01802 0.11216 0.10085 0.51778 0.685 0.617
        88.2 haupt 136  2 -0.00186 0.11703 0.10085 0.51778 0.682 0.606
        88.2 haupt 137  2 +0.01473 0.11091 0.10085 0.51778 0.671 0.658
        88.2 haupt 138  3 -0.00281 0.06364 0.05042 0.25212 0.768 0.726
        88.2 haupt 139  2 +0.00506 0.13395 0.10085 0.51778 0.786 0.537
        88.2 haupt 140  2 +0.00296 0.10507 0.10085 0.51778 0.615 0.442
        88.2 haupt 141  3 -0.01366 0.05672 0.05042 0.25212 0.729 0.446
        88.2 haupt 142  2 +0.00862 0.11041 0.10085 0.51778 0.656 0.441
        88.2 haupt 143  3 +0.00748 0.04941 0.05042 0.25212 0.618 0.595
        88.2 haupt 144  2 -0.02254 0.09972 0.10085 0.51778 0.621 0.413
        88.2 haupt 145  3 +0.00898 0.05106 0.05042 0.25212 0.643 0.529
        88.2 haupt 146  3 -0.00783 0.04857 0.05042 0.25212 0.609 0.445
        88.2 haupt 147  3 -0.00070 0.04509 0.05042 0.25212 0.539 0.543
        88.2 haupt 148  3 +0.00255 0.05646 0.05042 0.25212 0.682 0.615
        88.2 haupt 149  3 +0.01233 0.05516 0.05042 0.25212 0.705 0.548
        88.2 haupt 150  3 +0.00316 0.05107 0.05042 0.25212 0.620 0.442
        88.2 haupt 151  3 -0.00869 0.04871 0.05042 0.25212 0.614 0.468
        88.2 haupt 152  4 +0.00791 0.02700 0.03189 0.15945 0.558 0.400
        88.2 haupt 153  3 +0.00470 0.04641 0.05042 0.25212 0.571 0.341
        88.2 haupt 154  3 -0.01238 0.05937 0.05042 0.25212 0.756 0.671
        88.2 haupt 155  4 +0.00188 0.03342 0.03189 0.15945 0.641 0.473
        88.2 haupt 156  4 -0.00263 0.03155 0.03189 0.15945 0.610 0.555
        88.2 haupt 157  4 -0.00142 0.03083 0.03189 0.15945 0.589 0.448
        88.2 haupt 158  4 +0.00003 0.02665 0.03189 0.15945 0.502 0.393
        88.2 haupt 159  4 -0.00363 0.02869 0.03189 0.15945 0.563 0.478
        88.2 haupt 160  4 -0.00105 0.03216 0.03189 0.15945 0.612 0.547
        88.2 haupt 161  4 -0.00093 0.03241 0.03189 0.15945 0.616 0.461
        88.2 haupt 162  5 +0.00164 0.02022 0.02255 0.11275 0.553 0.392
        88.2 haupt 163  4 -0.00097 0.03226 0.03189 0.15945 0.613 0.473
        88.2 haupt 164  5 -0.00602 0.01749 0.02255 0.11275 0.519 0.308
        88.2 haupt 165  5 -0.00420 0.01477 0.02255 0.11275 0.430 0.308
        88.2 haupt 166  5 -0.00694 0.02235 0.02255 0.11275 0.656 0.413
        88.2 haupt 167  5 -0.00590 0.01378 0.02255 0.11275 0.419 0.325
        88.2 haupt 168  5 -0.00058 0.01797 0.02255 0.11275 0.483 0.433
        88.2 haupt 169  6 +0.00212 0.01337 0.01705 0.08523 0.495 0.311
        88.2 haupt 170  5 +0.00126 0.02138 0.02255 0.11275 0.580 0.437
        88.2 haupt 171  6 -0.00026 0.01466 0.01705 0.08523 0.519 0.359
        88.2 haupt 172  6 -0.00095 0.01288 0.01705 0.08523 0.465 0.315
        88.2 haupt 173  6 -0.00345 0.01179 0.01705 0.08523 0.455 0.408
        88.2 haupt 174  6 -0.00067 0.01057 0.01705 0.08523 0.380 0.255
        88.2 haupt 175  7 -0.00160 0.00778 0.01348 0.06738 0.370 0.294
        88.2 haupt 176  7 -0.00080 0.00854 0.01348 0.06738 0.392 0.279
        88.2 haupt 177  6 +0.00127 0.01655 0.01705 0.08523 0.597 0.498
        88.2 haupt 178  7 +0.00131 0.01021 0.01348 0.06738 0.474 0.410
        88.2 haupt 179  8 +0.00174 0.00885 0.01100 0.05502 0.514 0.468
        88.2 haupt 180  7 +0.00330 0.00968 0.01348 0.06738 0.480 0.386
        88.2 haupt 181  8 +0.00029 0.00754 0.01100 0.05502 0.416 0.391
        88.2 haupt 182  8 +0.00050 0.00821 0.01100 0.05502 0.457 0.275
        88.2 haupt 183  8 -0.00098 0.00595 0.01100 0.05502 0.342 0.289
        88.2 haupt 184  8 -0.00077 0.00837 0.01100 0.05502 0.470 0.295
        88.2 haupt 185  9 -0.00036 0.00628 0.00921 0.04603 0.417 0.335
        88.2 haupt 186  9 +0.00148 0.00700 0.00921 0.04603 0.489 0.302
        88.2 haupt 187  9 +0.00044 0.00562 0.00921 0.04603 0.376 0.236
        88.2 haupt 188  9 +0.00032 0.00744 0.00921 0.04603 0.492 0.302
        88.2 haupt 189 10 -0.00045 0.00478 0.00785 0.03925 0.377 0.243
        88.2 haupt 190 10 -0.00024 0.00447 0.00785 0.03925 0.348 0.309
        88.2 haupt 191 10 +0.00044 0.00496 0.00785 0.03925 0.390 0.257
        88.2 haupt 192 11 +0.00077 0.00323 0.00680 0.03400 0.308 0.307
        88.2 haupt 193 11 +0.00010 0.00414 0.00680 0.03400 0.368 0.282
        88.2 haupt 194 11 +0.00139 0.00354 0.00680 0.03400 0.353 0.287
        88.2 haupt 195 12 +0.00059 0.00314 0.00596 0.02982 0.335 0.233
        88.2 haupt 196 12 -0.00019 0.00351 0.00596 0.02982 0.359 0.271
        88.2 haupt 197 12 +0.00077 0.00325 0.00596 0.02982 0.353 0.246
        88.2 haupt 198 12 +0.00006 0.00409 0.00596 0.02982 0.413 0.347
        88.2 haupt 199 13 -0.00054 0.00287 0.00529 0.02643 0.346 0.269
        88.2 haupt 200 14 -0.00023 0.00295 0.00473 0.02364 0.385 0.249
        88.2 haupt 201 13 -0.00010 0.00295 0.00529 0.02643 0.338 0.345
        88.2 haupt 202 14 +0.00014 0.00276 0.00473 0.02364 0.356 0.318
        88.2 haupt 203 15 +0.00041 0.00182 0.00426 0.02131 0.275 0.236
        88.2 haupt 204 15 +0.00071 0.00236 0.00426 0.02131 0.365 0.291
        88.2 haupt 205 15 +0.00027 0.00234 0.00426 0.02131 0.342 0.345
        88.2 haupt 206 16 -0.00048 0.00230 0.00387 0.01934 0.382 0.305
        88.2 haupt 207 16 -0.00035 0.00185 0.00387 0.01934 0.305 0.211
        88.2 haupt 208 17 -0.00002 0.00166 0.00353 0.01765 0.282 0.254
        88.2 haupt 209 18 +0.00012 0.00126 0.00324 0.01620 0.242 0.179
        88.2 haupt 210 17 +0.00026 0.00157 0.00353 0.01765 0.281 0.218
        88.2 haupt 211 19 -0.00007 0.00135 0.00299 0.01493 0.275 0.206
        88.2 haupt 212 18 +0.00012 0.00157 0.00324 0.01620 0.299 0.237
        88.2 haupt 213 20 +0.00014 0.00127 0.00277 0.01383 0.285 0.270
        88.2 haupt 214 20 +0.00014 0.00102 0.00277 0.01383 0.232 0.233
        88.2 haupt 215 20 +0.00004 0.00109 0.00277 0.01383 0.239 0.186
        88.2 haupt 216 22 +0.00020 0.00083 0.00240 0.01198 0.223 0.159
        88.2 haupt 217 21 +0.00035 0.00096 0.00257 0.01285 0.250 0.155
        88.2 haupt 218 23 +0.00004 0.00083 0.00224 0.01121 0.225 0.196
        88.2 haupt 219 23 +0.00006 0.00110 0.00224 0.01121 0.301 0.231
        88.2 haupt 220 24 +0.00006 0.00085 0.00210 0.01051 0.247 0.188
        96.0 haupt 116  2 +0.00944 0.09559 0.09751 0.50021 0.592 0.412
        96.0 haupt 122  2 -0.01947 0.14009 0.09751 0.50021 0.879 0.827
        96.0 haupt 125  2 +0.01093 0.08854 0.09751 0.50021 0.553 0.400
        96.0 haupt 127  2 +0.01003 0.12145 0.09751 0.50021 0.748 0.645
        96.0 haupt 129  2 -0.02530 0.11257 0.09751 0.50021 0.726 0.526
        96.0 haupt 131  2 +0.01369 0.13735 0.09751 0.50021 0.851 0.473
        96.0 haupt 132  2 -0.02719 0.11707 0.09751 0.50021 0.757 0.839
        96.0 haupt 133  2 -0.00100 0.10444 0.09751 0.50021 0.628 0.487
        96.0 haupt 135  2 +0.00275 0.11787 0.09751 0.50021 0.712 0.523
        96.0 haupt 136  2 +0.01627 0.12268 0.09751 0.50021 0.768 0.692
        96.0 haupt 137  2 +0.00989 0.11001 0.09751 0.50021 0.680 0.429
        96.0 haupt 138  2 +0.01887 0.10830 0.09751 0.50021 0.687 0.559
        96.0 haupt 139  2 -0.01894 0.10522 0.09751 0.50021 0.669 0.453
        96.0 haupt 140  3 +0.00621 0.05326 0.04876 0.24379 0.681 0.550
        96.0 haupt 141  2 +0.00811 0.09470 0.09751 0.50021 0.584 0.445
        96.0 haupt 142  2 +0.00167 0.12517 0.09751 0.50021 0.754 0.574
        96.0 haupt 143  2 -0.00260 0.10489 0.09751 0.50021 0.634 0.521
        96.0 haupt 144  3 -0.00892 0.04821 0.04876 0.24379 0.630 0.494
        96.0 haupt 145  2 +0.00745 0.10660 0.09751 0.50021 0.654 0.516
        96.0 haupt 146  3 +0.01237 0.04778 0.04876 0.24379 0.639 0.426
        96.0 haupt 147  3 -0.00740 0.05311 0.04876 0.24379 0.684 0.656
        96.0 haupt 148  2 +0.00670 0.11009 0.09751 0.50021 0.674 0.552
        96.0 haupt 149  3 -0.00512 0.05605 0.04876 0.24379 0.711 0.569
        96.0 haupt 150  3 -0.00118 0.04158 0.04876 0.24379 0.517 0.472
        96.0 haupt 151  3 +0.00025 0.05357 0.04876 0.24379 0.660 0.733
        96.0 haupt 152  3 +0.01144 0.05452 0.04876 0.24379 0.718 0.566
        96.0 haupt 153  3 +0.00174 0.04612 0.04876 0.24379 0.575 0.439
        96.0 haupt 154  3 -0.01093 0.04678 0.04876 0.24379 0.621 0.472
        96.0 haupt 155  4 +0.00652 0.02488 0.03084 0.15418 0.526 0.460
        96.0 haupt 156  3 +0.00492 0.04638 0.04876 0.24379 0.591 0.390
        96.0 haupt 157  4 -0.00282 0.03034 0.03084 0.15418 0.609 0.463
        96.0 haupt 158  3 -0.00143 0.04845 0.04876 0.24379 0.602 0.553
        96.0 haupt 159  4 -0.00578 0.02743 0.03084 0.15418 0.571 0.406
        96.0 haupt 160  4 -0.00125 0.02809 0.03084 0.15418 0.555 0.430
        96.0 haupt 161  4 +0.00029 0.02459 0.03084 0.15418 0.480 0.365
        96.0 haupt 162  4 -0.00476 0.02723 0.03084 0.15418 0.561 0.572
        96.0 haupt 163  4 -0.00011 0.02697 0.03084 0.15418 0.526 0.382
        96.0 haupt 164  5 -0.00228 0.01857 0.02180 0.10902 0.532 0.418
        96.0 haupt 165  4 -0.00093 0.02885 0.03084 0.15418 0.567 0.492
        96.0 haupt 166  5 +0.00335 0.01825 0.02180 0.10902 0.533 0.398
        96.0 haupt 167  4 -0.00549 0.03146 0.03084 0.15418 0.648 0.458
        96.0 haupt 168  5 -0.00400 0.01437 0.02180 0.10902 0.432 0.398
        96.0 haupt 169  5 -0.00482 0.02217 0.02180 0.10902 0.654 0.438
        96.0 haupt 170  5 -0.00436 0.01549 0.02180 0.10902 0.466 0.311
        96.0 haupt 171  6 -0.00273 0.01439 0.01648 0.08241 0.557 0.360
        96.0 haupt 172  5 +0.00128 0.01892 0.02180 0.10902 0.532 0.354
        96.0 haupt 173  6 +0.00059 0.01187 0.01648 0.08241 0.439 0.358
        96.0 haupt 174  5 -0.00243 0.01935 0.02180 0.10902 0.555 0.473
        96.0 haupt 175  6 -0.00100 0.01305 0.01648 0.08241 0.487 0.478
        96.0 haupt 176  7 -0.00123 0.01006 0.01303 0.06515 0.482 0.336
        96.0 haupt 177  6 +0.00199 0.01276 0.01648 0.08241 0.489 0.341
        96.0 haupt 178  6 -0.00070 0.01407 0.01648 0.08241 0.521 0.364
        96.0 haupt 179  7 -0.00079 0.00887 0.01303 0.06515 0.421 0.271
        96.0 haupt 180  7 +0.00040 0.01132 0.01303 0.06515 0.527 0.445
        96.0 haupt 181  7 -0.00093 0.00969 0.01303 0.06515 0.461 0.376
        96.0 haupt 182  7 +0.00090 0.00965 0.01303 0.06515 0.458 0.342
        96.0 haupt 183  8 +0.00156 0.00674 0.01064 0.05320 0.409 0.282
        96.0 haupt 184  7 -0.00009 0.00692 0.01303 0.06515 0.320 0.237
        96.0 haupt 185  8 +0.00007 0.00680 0.01064 0.05320 0.384 0.310
        96.0 haupt 186  9 +0.00084 0.00666 0.00890 0.04451 0.468 0.298
        96.0 haupt 187  8 +0.00081 0.00743 0.01064 0.05320 0.434 0.319
        96.0 haupt 188  9 -0.00177 0.00627 0.00890 0.04451 0.463 0.308
        96.0 haupt 189  9 -0.00037 0.00652 0.00890 0.04451 0.448 0.276
        96.0 haupt 190  9 +0.00097 0.00512 0.00890 0.04451 0.367 0.340
        96.0 haupt 191  9 +0.00163 0.00651 0.00890 0.04451 0.475 0.368
        96.0 haupt 192 10 +0.00016 0.00494 0.00759 0.03796 0.395 0.306
        96.0 haupt 193 10 -0.00062 0.00510 0.00759 0.03796 0.419 0.281
        96.0 haupt 194 10 -0.00050 0.00510 0.00759 0.03796 0.416 0.297
        96.0 haupt 195 11 +0.00071 0.00430 0.00657 0.03287 0.414 0.396
        96.0 haupt 196 11 +0.00022 0.00334 0.00657 0.03287 0.311 0.334
        96.0 haupt 197 11 +0.00035 0.00393 0.00657 0.03287 0.369 0.255
        96.0 haupt 198 11 +0.00034 0.00399 0.00657 0.03287 0.374 0.243
        96.0 haupt 199 12 -0.00026 0.00362 0.00577 0.02883 0.385 0.303
        96.0 haupt 200 13 +0.00034 0.00337 0.00511 0.02556 0.409 0.411
        96.0 haupt 201 12 +0.00020 0.00316 0.00577 0.02883 0.335 0.297
        96.0 haupt 202 13 -0.00080 0.00346 0.00511 0.02556 0.438 0.320
        96.0 haupt 203 13 -0.00068 0.00406 0.00511 0.02556 0.504 0.392
        96.0 haupt 204 14 -0.00006 0.00301 0.00457 0.02286 0.398 0.317
        96.0 haupt 205 14 +0.00017 0.00225 0.00457 0.02286 0.303 0.181
        96.0 haupt 206 15 +0.00020 0.00223 0.00412 0.02060 0.334 0.329
        96.0 haupt 207 15 -0.00009 0.00301 0.00412 0.02060 0.443 0.406
        96.0 haupt 208 15 -0.00044 0.00190 0.00412 0.02060 0.298 0.223
        96.0 haupt 209 16 -0.00019 0.00158 0.00374 0.01870 0.263 0.196
        96.0 haupt 210 17 -0.00001 0.00144 0.00341 0.01707 0.254 0.244
        96.0 haupt 211 16 -0.00035 0.00190 0.00374 0.01870 0.324 0.220
        96.0 haupt 212 18 -0.00039 0.00163 0.00313 0.01566 0.337 0.276
        96.0 haupt 213 18 -0.00001 0.00192 0.00313 0.01566 0.368 0.284
        96.0 haupt 214 18 -0.00031 0.00168 0.00313 0.01566 0.342 0.283
        96.0 haupt 215 19 +0.00009 0.00144 0.00289 0.01444 0.306 0.327
        96.0 haupt 216 19 +0.00023 0.00126 0.00289 0.01444 0.277 0.224
        96.0 haupt 217 20 -0.00017 0.00133 0.00267 0.01337 0.312 0.254
        96.0 haupt 218 21 -0.00011 0.00104 0.00248 0.01242 0.260 0.221
        96.0 haupt 219 21 +0.00001 0.00095 0.00248 0.01242 0.230 0.189
        96.0 haupt 220 22 +0.00007 0.00115 0.00232 0.01159 0.305 0.304
       176.4 haupt 138  2 -0.00633 0.07035 0.07209 0.36731 0.592 0.476
       176.4 haupt 143  2 -0.00780 0.09652 0.07209 0.36731 0.810 0.707
       176.4 haupt 146  2 +0.01227 0.06041 0.07209 0.36731 0.527 0.370
       176.4 haupt 148  2 -0.00188 0.06073 0.07209 0.36731 0.501 0.351
       176.4 haupt 150  2 -0.00429 0.08693 0.07209 0.36731 0.722 0.495
       176.4 haupt 152  2 -0.00331 0.08151 0.07209 0.36731 0.675 0.580
       176.4 haupt 153  2 -0.00730 0.08734 0.07209 0.36731 0.733 0.564
       176.4 haupt 155  2 +0.00301 0.07833 0.07209 0.36731 0.648 0.554
       176.4 haupt 156  2 -0.00442 0.06834 0.07209 0.36731 0.570 0.435
       176.4 haupt 157  2 +0.01022 0.08906 0.07209 0.36731 0.755 0.778
       176.4 haupt 158  2 -0.00719 0.08336 0.07209 0.36731 0.700 0.552
       176.4 haupt 159  2 +0.01145 0.07854 0.07209 0.36731 0.673 0.511
       176.4 haupt 160  2 +0.00969 0.08464 0.07209 0.36731 0.718 0.561
       176.4 haupt 161  2 -0.00241 0.07589 0.07209 0.36731 0.626 0.534
       176.4 haupt 162  3 -0.00201 0.02778 0.03605 0.18023 0.474 0.350
       176.4 haupt 163  2 -0.01096 0.09177 0.07209 0.36731 0.779 0.557
       176.4 haupt 164  2 -0.01009 0.07620 0.07209 0.36731 0.650 0.504
       176.4 haupt 165  3 -0.00326 0.03665 0.03605 0.18023 0.628 0.573
       176.4 haupt 166  2 +0.01594 0.09512 0.07209 0.36731 0.820 0.588
       176.4 haupt 167  3 +0.00475 0.03726 0.03605 0.18023 0.647 0.494
       176.4 haupt 168  2 -0.00918 0.08386 0.07209 0.36731 0.710 0.556
       176.4 haupt 169  3 +0.00966 0.03743 0.03605 0.18023 0.677 0.551
       176.4 haupt 170  3 -0.00521 0.03111 0.03605 0.18023 0.547 0.356
       176.4 haupt 171  3 +0.00119 0.03359 0.03605 0.18023 0.566 0.467
       176.4 haupt 172  3 -0.00360 0.03960 0.03605 0.18023 0.679 0.719
       176.4 haupt 173  3 +0.00785 0.04067 0.03605 0.18023 0.721 0.511
       176.4 haupt 174  3 +0.00116 0.03408 0.03605 0.18023 0.574 0.527
       176.4 haupt 175  3 -0.00811 0.03679 0.03605 0.18023 0.657 0.547
       176.4 haupt 176  4 +0.00923 0.02309 0.02280 0.11399 0.689 0.472
       176.4 haupt 177  3 +0.00278 0.03292 0.03605 0.18023 0.563 0.358
       176.4 haupt 178  3 -0.00889 0.03821 0.03605 0.18023 0.685 0.411
       176.4 haupt 179  4 -0.00464 0.02324 0.02280 0.11399 0.652 0.553
       176.4 haupt 180  4 -0.00562 0.02164 0.02280 0.11399 0.619 0.452
       176.4 haupt 181  4 -0.00540 0.01938 0.02280 0.11399 0.557 0.473
       176.4 haupt 182  4 -0.00110 0.01804 0.02280 0.11399 0.484 0.354
       176.4 haupt 183  4 -0.00045 0.02045 0.02280 0.11399 0.542 0.444
       176.4 haupt 184  4 +0.00249 0.02035 0.02280 0.11399 0.558 0.494
       176.4 haupt 185  4 +0.00406 0.01955 0.02280 0.11399 0.550 0.395
       176.4 haupt 186  5 +0.00281 0.01276 0.01612 0.08060 0.510 0.314
       176.4 haupt 187  4 +0.00217 0.01992 0.02280 0.11399 0.543 0.431
       176.4 haupt 188  5 -0.00320 0.01350 0.01612 0.08060 0.542 0.425
       176.4 haupt 189  5 -0.00357 0.01454 0.01612 0.08060 0.585 0.484
       176.4 haupt 190  5 -0.00382 0.01474 0.01612 0.08060 0.596 0.490
       176.4 haupt 191  5 -0.00375 0.01447 0.01612 0.08060 0.585 0.341
       176.4 haupt 192  5 -0.00212 0.01384 0.01612 0.08060 0.541 0.384
       176.4 haupt 193  6 +0.00019 0.01095 0.01219 0.06093 0.542 0.340
       176.4 haupt 194  5 +0.00397 0.01332 0.01612 0.08060 0.545 0.447
       176.4 haupt 195  6 -0.00153 0.01097 0.01219 0.06093 0.565 0.454
       176.4 haupt 196  6 -0.00283 0.00900 0.01219 0.06093 0.490 0.401
       176.4 haupt 197  6 -0.00206 0.00865 0.01219 0.06093 0.460 0.372
       176.4 haupt 198  6 -0.00022 0.00842 0.01219 0.06093 0.418 0.333
       176.4 haupt 199  7 -0.00298 0.00689 0.00963 0.04817 0.491 0.478
       176.4 haupt 200  7 -0.00056 0.00720 0.00963 0.04817 0.460 0.357
       176.4 haupt 201  6 +0.00224 0.01023 0.01219 0.06093 0.540 0.429
       176.4 haupt 202  7 +0.00164 0.00756 0.00963 0.04817 0.505 0.409
       176.4 haupt 203  8 +0.00199 0.00593 0.00787 0.03933 0.503 0.375
       176.4 haupt 204  7 +0.00135 0.00712 0.00963 0.04817 0.471 0.373
       176.4 haupt 205  8 -0.00023 0.00614 0.00787 0.03933 0.474 0.341
       176.4 haupt 206  8 +0.00029 0.00556 0.00787 0.03933 0.431 0.283
       176.4 haupt 207  8 -0.00059 0.00419 0.00787 0.03933 0.335 0.235
       176.4 haupt 208  8 +0.00039 0.00545 0.00787 0.03933 0.425 0.315
       176.4 haupt 209  9 -0.00039 0.00519 0.00658 0.03290 0.485 0.286
       176.4 haupt 210  9 +0.00030 0.00474 0.00658 0.03290 0.442 0.317
       176.4 haupt 211  9 +0.00083 0.00369 0.00658 0.03290 0.362 0.294
       176.4 haupt 212  9 +0.00053 0.00392 0.00658 0.03290 0.374 0.262
       176.4 haupt 213 10 +0.00002 0.00340 0.00561 0.02806 0.364 0.288
       176.4 haupt 214 10 +0.00017 0.00360 0.00561 0.02806 0.391 0.340
       176.4 haupt 215 10 +0.00088 0.00382 0.00561 0.02806 0.439 0.429
       176.4 haupt 216 11 +0.00075 0.00267 0.00486 0.02430 0.361 0.271
       176.4 haupt 217 11 -0.00033 0.00303 0.00486 0.02430 0.388 0.260
       176.4 haupt 218 11 +0.00048 0.00285 0.00486 0.02430 0.372 0.260
       176.4 haupt 219 12 -0.00028 0.00231 0.00426 0.02131 0.338 0.223
       176.4 haupt 220 12 -0.00056 0.00231 0.00426 0.02131 0.351 0.266
       192.0 haupt 140  2 +0.00977 0.07939 0.06933 0.35298 0.702 0.653
       192.0 haupt 146  2 -0.01333 0.07548 0.06933 0.35298 0.679 0.482
       192.0 haupt 149  2 +0.00987 0.04831 0.06933 0.35298 0.439 0.389
       192.0 haupt 151  2 +0.00356 0.06879 0.06933 0.35298 0.595 0.493
       192.0 haupt 153  2 -0.00796 0.07787 0.06933 0.35298 0.684 0.413
       192.0 haupt 155  2 -0.00435 0.08773 0.06933 0.35298 0.758 0.524
       192.0 haupt 156  2 -0.00736 0.08569 0.06933 0.35298 0.749 0.522
       192.0 haupt 157  2 -0.00661 0.06998 0.06933 0.35298 0.614 0.462
       192.0 haupt 159  2 -0.00374 0.07115 0.06933 0.35298 0.615 0.455
       192.0 haupt 160  2 +0.00875 0.08219 0.06933 0.35298 0.723 0.670
       192.0 haupt 161  2 -0.00332 0.06776 0.06933 0.35298 0.585 0.393
       192.0 haupt 162  2 +0.00956 0.07976 0.06933 0.35298 0.705 0.481
       192.0 haupt 163  2 +0.01151 0.07579 0.06933 0.35298 0.677 0.578
       192.0 haupt 164  3 +0.00429 0.03419 0.03467 0.17333 0.617 0.565
       192.0 haupt 165  2 -0.00024 0.06336 0.06933 0.35298 0.539 0.436
       192.0 haupt 166  2 -0.01149 0.07939 0.06933 0.35298 0.707 0.472
       192.0 haupt 167  2 -0.00777 0.07210 0.06933 0.35298 0.635 0.498
       192.0 haupt 168  3 -0.00339 0.03787 0.03467 0.17333 0.675 0.564
       192.0 haupt 169  2 +0.00872 0.07913 0.06933 0.35298 0.697 0.618
       192.0 haupt 170  3 +0.00513 0.03335 0.03467 0.17333 0.607 0.437
       192.0 haupt 171  3 -0.00920 0.03900 0.03467 0.17333 0.728 0.466
       192.0 haupt 172  2 +0.00789 0.07309 0.06933 0.35298 0.644 0.561
       192.0 haupt 173  3 -0.00429 0.03458 0.03467 0.17333 0.623 0.400
       192.0 haupt 174  3 -0.00244 0.03374 0.03467 0.17333 0.598 0.506
       192.0 haupt 175  3 -0.00677 0.03511 0.03467 0.17333 0.647 0.521
       192.0 haupt 176  3 +0.00607 0.03714 0.03467 0.17333 0.678 0.512
       192.0 haupt 177  3 -0.00327 0.03507 0.03467 0.17333 0.626 0.576
       192.0 haupt 178  3 -0.00438 0.03406 0.03467 0.17333 0.615 0.514
       192.0 haupt 179  4 +0.00857 0.01979 0.02192 0.10962 0.620 0.413
       192.0 haupt 180  3 +0.00233 0.03633 0.03467 0.17333 0.642 0.443
       192.0 haupt 181  4 +0.00217 0.02122 0.02192 0.10962 0.600 0.527
       192.0 haupt 182  3 -0.00379 0.03531 0.03467 0.17333 0.633 0.477
       192.0 haupt 183  4 -0.00425 0.02081 0.02192 0.10962 0.608 0.481
       192.0 haupt 184  4 -0.00555 0.01766 0.02192 0.10962 0.534 0.411
       192.0 haupt 185  4 -0.00085 0.01762 0.02192 0.10962 0.490 0.431
       192.0 haupt 186  4 -0.00102 0.01954 0.02192 0.10962 0.544 0.484
       192.0 haupt 187  4 +0.00140 0.01930 0.02192 0.10962 0.541 0.337
       192.0 haupt 188  5 -0.00022 0.01124 0.01550 0.07752 0.438 0.420
       192.0 haupt 189  4 +0.00309 0.02238 0.02192 0.10962 0.641 0.455
       192.0 haupt 190  5 +0.00340 0.01138 0.01550 0.07752 0.484 0.350
       192.0 haupt 191  4 -0.00625 0.02131 0.02192 0.10962 0.640 0.501
       192.0 haupt 192  5 -0.00193 0.01489 0.01550 0.07752 0.601 0.552
       192.0 haupt 193  5 -0.00275 0.01347 0.01550 0.07752 0.557 0.428
       192.0 haupt 194  5 -0.00456 0.01348 0.01550 0.07752 0.581 0.482
       192.0 haupt 195  6 -0.00036 0.00744 0.01172 0.05860 0.387 0.374
       192.0 haupt 196  5 +0.00106 0.01254 0.01550 0.07752 0.499 0.360
       192.0 haupt 197  6 +0.00111 0.00771 0.01172 0.05860 0.414 0.356
       192.0 haupt 198  5 -0.00497 0.01310 0.01550 0.07752 0.571 0.573
       192.0 haupt 199  6 -0.00266 0.00806 0.01172 0.05860 0.458 0.322
       192.0 haupt 200  7 -0.00057 0.00740 0.00926 0.04632 0.492 0.390
       192.0 haupt 201  6 +0.00332 0.01139 0.01172 0.05860 0.640 0.625
       192.0 haupt 202  6 -0.00075 0.01006 0.01172 0.05860 0.528 0.388
       192.0 haupt 203  7 -0.00043 0.00675 0.00926 0.04632 0.446 0.379
       192.0 haupt 204  7 +0.00125 0.00780 0.00926 0.04632 0.533 0.401
       192.0 haupt 205  7 +0.00063 0.00715 0.00926 0.04632 0.477 0.358
       192.0 haupt 206  7 +0.00248 0.00746 0.00926 0.04632 0.537 0.399
       192.0 haupt 207  8 +0.00112 0.00491 0.00756 0.03782 0.419 0.353
       192.0 haupt 208  7 -0.00070 0.00606 0.00926 0.04632 0.407 0.317
       192.0 haupt 209  8 +0.00032 0.00575 0.00756 0.03782 0.465 0.363
       192.0 haupt 210  9 +0.00056 0.00405 0.00633 0.03165 0.402 0.274
       192.0 haupt 211  8 +0.00106 0.00521 0.00756 0.03782 0.441 0.272
       192.0 haupt 212  9 +0.00002 0.00484 0.00633 0.03165 0.459 0.385
       192.0 haupt 213  9 -0.00053 0.00345 0.00633 0.03165 0.344 0.262
       192.0 haupt 214  9 +0.00057 0.00338 0.00633 0.03165 0.338 0.244
       192.0 haupt 215  9 +0.00084 0.00494 0.00633 0.03165 0.495 0.397
       192.0 haupt 216 10 -0.00003 0.00328 0.00540 0.02699 0.366 0.262
       192.0 haupt 217 10 -0.00069 0.00346 0.00540 0.02699 0.411 0.372
       192.0 haupt 218 10 -0.00019 0.00339 0.00540 0.02699 0.384 0.258
       192.0 haupt 219 11 +0.00017 0.00326 0.00467 0.02337 0.426 0.386
       192.0 haupt 220 11 -0.00039 0.00235 0.00467 0.02337 0.318 0.282

Skript nachbau2.py (woertlich):
    # NAK-380 Nacharbeit 0 (R-380-13): Nachbau des Steigungsschaetzers je Rate D1 bis D6 gegen die Formel T_B.
    # Unabhaengig vom Produktcode: numpy, Gitter aus der Repo-Datei (nur lesend), Kadenzmodell wie im Test.
    import json, math, struct, sys
    import numpy as np
    
    FIX = r"C:\Users\phili\Projekte\Nakama\eq-copilot\schemas\v3\bandgitter\nakama_1_24_oct_30_18k_v1.json"
    fein = json.load(open(FIX, encoding="utf-8"))
    h2d = lambda s: struct.unpack(">d", bytes.fromhex(s))[0]
    KANTE = np.array([h2d(s) for s in fein["kanten_hz"]["hex64"]])
    MITTE = np.array([h2d(s) for s in fein["mitten_hz"]["hex64"]])
    BAENDER = len(MITTE)
    RATEN = [44100.0, 48000.0, 88200.0, 96000.0, 176400.0, 192000.0]
    STUFEN = {"haupt": (4096, 3), "bass": (16384, 7)}   # N, Ringlaenge W (T-380-6)
    LAEUFE = 40
    BLOCK, INTERVALL = 512, 0.25
    
    def snapshots(fs, block, intervall, samples):
        """Kadenzmodell des Tests (nak380SnapshotsSegmente): Liveframe ab 0,1 s, Evidenz ab Intervall."""
        aus, gespeist, live, evid = [], 0, 0, 0
        while gespeist < samples:
            n = min(block, samples - gespeist)
            gespeist += n; live += n; evid += n
            if live / fs >= 0.1:
                live = 0
                if evid / fs >= intervall:
                    aus.append(gespeist); evid = 0
        return aus
    
    def frames(samples, n):
        return 0 if samples < n else (samples - n) // (n // 2) + 1
    
    def ringframes(snap, n, w):
        i = len(snap)
        bis = frames(snap[i - 1], n)
        von = frames(snap[i - w - 1], n) if i - w >= 1 else 0
        return bis - von
    
    def rho2(d, n):
        t = d / n
        rho = ((1 - t) * (2 + math.cos(2 * math.pi * t)) + (3 / (2 * math.pi)) * math.sin(2 * math.pi * t)) / 3
        return rho * rho
    
    def binfenster(b, fs, n):
        kappe = min(18000.0, 0.95 * fs * 0.5)
        if KANTE[b + 1] > kappe:
            return 0, 0
        von = int(math.ceil(KANTE[b] * n / fs))
        bis = min(int(math.ceil(KANTE[b + 1] * n / fs)), n // 2 + 1)
        return von, max(von, bis)
    
    def toleranz(k, f, c, df, tau_ref_ms):
        """R-380-13 (iii): T_B = b*tau_ref + 5*sigma_tau."""
        feff = f / (1 + 2 * (1 / 3) ** 2)
        sphi2 = (1 - c) / (2 * c * feff)
        var_s = 12 * sphi2 / (k * (k * k - 1))
        sig = math.sqrt(var_s) / (2 * math.pi * df) * 1000.0
        bias = (4 / 9) / feff * tau_ref_ms if k == 2 else 0.0
        return bias + 5 * sig, sig, bias
    
    def klasse(k):
        for g, name in ((2, "2"), (3, "3"), (5, "4-5"), (10, "6-10"), (19, "11-19"), (39, "20-39")):
            if k <= g:
                return name
        return ">=40"
    KLASSEN = ["2", "3", "4-5", "6-10", "11-19", "20-39", ">=40"]
    
    print("Nachbau-2: Phasensteigung (kleinste Quadrate ueber die entwickelten Binphasen) je Rate, %d Laeufe, Block %d, Intervall %.2f s" % (LAEUFE, BLOCK, INTERVALL))
    print("Beleg je Band: T_B >= 3*SD + |Bias| (SD mit ddof 1 ueber die Laeufe); Klasse gehalten, wenn jedes Band der Klasse haelt.")
    zusammen, detail, lag20 = [], [], []
    fehlt = 0
    for fs in RATEN:
        d = int(round(0.001 * fs))
        tau_ref = 1000.0 * d / fs
        snap = snapshots(fs, BLOCK, INTERVALL, int(round(10 * fs)))
        for stufe, (n, w) in STUFEN.items():
            f = ringframes(snap, n, w)
            c = rho2(d, n)
            df = fs / n
            baender = []
            for b in range(BAENDER):
                if (MITTE[b] < 200.0) != (stufe == "bass"):
                    continue
                von, bis = binfenster(b, fs, n)
                if bis - von >= 2:
                    baender.append((b, von, bis))
            if not baender:
                continue
            rng = np.random.default_rng(3)
            fen = 0.5 - 0.5 * np.cos(2 * np.pi * np.arange(n) / n)
            fehler = {b: [] for b, _, _ in baender}
            lagf = {b: [] for b, _, _ in baender}
            for lauf in range(LAEUFE):
                laenge = n + (f - 1) * (n // 2)
                x = rng.uniform(-1.0, 1.0, laenge + d)
                l = x[d:d + laenge]; r = x[0:laenge]          # R um d Samples verzoegert
                S = np.zeros(n // 2 + 1, complex)
                for j in range(f):
                    s = j * (n // 2)
                    S += np.fft.rfft(l[s:s + n] * fen) * np.conj(np.fft.rfft(r[s:s + n] * fen))
                for b, von, bis in baender:
                    k = np.arange(bis - von, dtype=float)
                    phi = np.unwrap(np.angle(S[von:bis]))
                    steig = np.polyfit(k, phi, 1)[0]
                    fehler[b].append(steig / (2 * np.pi * df) * 1000.0 - tau_ref)
                    lag = np.sum(S[von + 1:bis] * np.conj(S[von:bis - 1]))
                    lagf[b].append(np.angle(lag) / (2 * np.pi * df) * 1000.0 - tau_ref)
            je = {}
            for b, von, bis in baender:
                kk = bis - von
                e = np.array(fehler[b])
                bias, sd, emax = float(e.mean()), float(e.std(ddof=1)), float(np.abs(e).max())
                tb, sig, bterm = toleranz(kk, f, c, df, tau_ref)
                v = (3 * sd + abs(bias)) / tb
                detail.append((fs, stufe, b, kk, bias, sd, sig, tb, v, emax / tb))
                je.setdefault(klasse(kk), []).append((kk, bias, sd, tb, v, emax / tb, float(np.mean(lagf[b]))))
                if v > 1.0:
                    fehlt += 1
            for name in KLASSEN:
                if name not in je:
                    continue
                z = je[name]
                ks = [q[0] for q in z]
                zusammen.append((fs, stufe, f, c, df, name, len(z), min(ks), max(ks),
                                 float(np.mean([q[1] for q in z])), float(np.mean([q[2] for q in z])),
                                 min(q[3] for q in z), max(q[3] for q in z), max(q[4] for q in z), max(q[5] for q in z)))
                if name in ("20-39", ">=40"):
                    lag20.append((fs, stufe, name, float(np.mean([q[6] for q in z])), float(np.mean([q[1] for q in z]))))
    
    print()
    print("Zusammenfassung je Rate, Stufe und Binzahlklasse (Bias und SD in ms, gemittelt ueber die Baender der Klasse; T_B min bis max):")
    print("  fs      Stufe  F   C        df(Hz)   Klasse  Baender K       Bias      SD        T_B min   T_B max   max(3SD+|Bias|)/T_B  max|Fehler|/T_B  gehalten")
    for (fs, st, f, c, df, name, nb, kmin, kmax, bias, sd, tbmin, tbmax, v, vmax) in zusammen:
        print("  %6.1f  %-5s  %3d %.6f %8.4f  %-6s  %3d     %2d-%-3d  %+.5f  %.5f  %.5f   %.5f   %.3f                %.3f            %s"
              % (fs / 1000, st, f, c, df, name, nb, kmin, kmax, bias, sd, tbmin, tbmax, v, vmax, "ja" if v <= 1.0 else "NEIN"))
    print()
    print("Lag-1-Produkt zum Vergleich (Rotbeweis c), mittlerer Fehler in ms bei K >= 20 gegen die Steigung:")
    for fs, st, name, lag, steig in lag20:
        print("  %6.1f kHz %-5s K %-6s Lag-1 %+.5f  Steigung %+.5f" % (fs / 1000, st, name, lag, steig))
    print()
    print("Bander mit verfehltem Beleg: %d" % fehlt)
    print()
    print("Detail je Band (fs kHz, Stufe, Band, K, Bias ms, SD ms, sigma_tau Formel ms, T_B ms, (3SD+|Bias|)/T_B, max|Fehler|/T_B):")
    for (fs, st, b, kk, bias, sd, sig, tb, v, vmax) in detail:
        print("  %6.1f %-5s %3d %2d %+.5f %.5f %.5f %.5f %.3f %.3f" % (fs / 1000, st, b, kk, bias, sd, sig, tb, v, vmax))
    sys.exit(1 if fehlt else 0)
