SONDE-014 Etappe C - Rotbeweis M-25
========================================================================

GEWERTETE ZUSAGE
Gleiche Eingaben ergeben bytegleich dieselbe Rangfolge.

GEMESSEN AN  broker/tests/sonde014_hypothese.rs::ranking_ist_bytegleich_ueber_hundert_laeufe
             (Verdrahtungsebene: die Evidenz geht durch `p1`,
              also durch dieselbe Senke wie im Produktbetrieb)

RUECKNAHME AM PRODUKTCODE  broker/src/coordinator/hypothese.rs
------------------------------------------------------------------------
VORHER:
    hasher.update(aufnahme.metrics_version.to_be_bytes());

NACHHER:
    hasher.update(aufnahme.metrics_version.to_be_bytes());
    // RUECKNAHME M-25: die ID haengt an der Uhr statt am Eingang.
    hasher.update(
        std::time::SystemTime::now()
            .duration_since(std::time::UNIX_EPOCH)
            .map(|d| d.subsec_nanos())
            .unwrap_or(0)
            .to_be_bytes(),
    );
------------------------------------------------------------------------

[1] LAUF MIT RUECKNAHME - erwartet ROT (Exitcode 101)
========================================================================

running 1 test
test ranking_ist_bytegleich_ueber_hundert_laeufe ... FAILED

failures:

---- ranking_ist_bytegleich_ueber_hundert_laeufe stdout ----

thread 'ranking_ist_bytegleich_ueber_hundert_laeufe' (15392) panicked at tests\sonde014_hypothese.rs:822:9:
assertion `left == right` failed: Lauf 0 weicht ab
  left: [91, 123, 34, 97, 108, 116, 101, 114, 110, 97, 116, 105, 118, 101, 115, 34, 58, 91, 34, 102, 54, 100, 53, 57, 49, 102, 97, 98, 53, 100, 55, 99, 100, 97, 49, 50, 56, 57, 98, 51, 101, 99, 57, 99, 99, 98, 48, 100, 99, 56, 52, 34, 44, 34, 99, 57, 99, 51, 48, 100, 50, 55, 100, 99, 101, 52, 102, 100, 50, 101, 51, 97, 101, 97, 99, 55, 102, 55, 56, 48, 56, 101, 100, 56, 55, 48, 34, 93, 44, 34, 98, 97, 110, 100, 95, 104, 122, 34, 58, 123, 34, 98, 105, 115, 34, 58, 49, 48, 48, 44, 34, 118, 111, 110, 34, 58, 57, 54, 125, 44, 34, 98, 101, 111, 98, 97, 99, 104, 116, 117, 110, 103, 34, 58, 123, 34, 103, 117, 101, 108, 116, 105, 103, 34, 58, 116, 114, 117, 101, 44, 34, 119, 101, 114, 116, 95, 100, 98, 34, 58, 45, 51, 46, 50, 57, 57, 57, 57, 57, 57, 53, 50, 51, 49, 54, 50, 56, 52, 125, 44, 34, 99, 97, 110, 100, 105, 100, 97, 116, 101, 95, 115, 111, 117, 114, 99, 101, 34, 58, 34, 48, 48, 48, 48, 48, 48, 48, 48, 48, 48, 48, 48, 48, 48, 48, 48, 48, 48, 48, 48, 48, 48, 48, 48, 48, 48, 48, 48, 48, 48, 48, 50, 34, 44, 34, 99, 108, 97, 105, 109, 95, 99, 108, 97, 115, 115, 34, 58, 34, 122, 117, 115, 97, 109, 109, 101, 110, 104, 97, 110, 103, 34, 44, 34, 99, 111, 110, 102, 105, 100, 101, 110, 99, 101, 34, 58, 123, 34, 99, 108, 97, 115, 115, 34, 58, 34, 104, 111, 99, 104, 34, 44, 34, 115, 99, 111, 114, 101, 34, 58, 48, 46, 50, 54, 49, 57, 56, 50, 57, 57, 57, 57, 57, 57, 57, 57, 57, 57, 55, 125, 44, 34, 101, 118, 105, 100, 101, 110, 99, 101, 95, 105, 100, 115, 34, 58, 91, 34, 48, 48, 48, 48, 48, 48, 48, 48, 48, 48, 48, 48, 48, 48, 48, 48, 48, 48, 48, 48, 48, 48, 48, 48, 48, 48, 48, 48, 49, 48, 54, 52, 34, 44, 34, 48, 48, 48, 48, 48, 48, 48, 48, 48, 48, 48, 48, 48, 48, 48, 48, 48, 48, 48, 48, 48, 48, 48, 48, 48, 48, 48, 48, 49, 48, 54, 53, 34, 44, 34, 48, 48, 48, 48, 48, 48, 48, 48, 48, 48, 48, 48, 48, 48, 48, 48, 48, 48, 48, 48, 48, 48, 48, 48, 48, 48, 48, 48, 49, 48, 54, 54, 34, 44, 34, 48, 48, 48, 48, 48, 48, 48, 48, 48, 48, 48, 48, 48, 48, 48, 48, 48, 48, 48, 48, 48, 48, 48, 48, 48, 48, 48, 48, 49, 48, 54, 55, 34, 44, 34, 48, 48, 48, 48, 48, 48, 48, 48, 48, 48, 48, 48, 48, 48, 48, 48, 48, 48, 48, 48, 48, 48, 48, 48, 48, 48, 48, 48, 49, 48, 54, 56, 34, 44, 34, 48, 48, 48, 48, 48, 48, 48, 48, 48, 48, 48, 48, 48, 48, 48, 48, 48, 48, 48, 48, 48, 48, 48, 48, 48, 48, 48, 48, 49, 48, 54, 57, 34, 44, 34, 48, 48, 48, 48, 48, 48, 48, 48, 48, 48, 48, 48, 48, 48, 48, 48, 48, 48, 48, 48, 48, 48, 48, 48, 48, 48, 48, 48, 49, 48, 54, 97, 34, 44, 34, 48, 48, 48, 48, 48, 48, 48, 48, 48, 48, 48, 48, 48, 48, 48, 48, 48, 48, 48, 48, 48, 48, 48, 48, 48, 48, 48, 48, 49, 48, 54, 98, 34, 93, 44, 34, 102, 105, 110, 100, 105, 110, 103, 95, 105, 100, 34, 58, 34, 56, 101, 50, 57, 101, 48, 53, 48, 97, 52, 55, 50, 49, 101, 48, 51, 48, 97, 99, 102, 97, 56, 51, 57, 52, 101, 99, 97, 50, 56, 102, 57, 34, 44, 34, 105, 110, 116, 101, 110, 116, 95, 114, 101, 118, 105, 115, 105, 111, 110, 34, 58, 48, 44, 34, 108, 105, 107, 101, 108, 121, 95, 99, 97, 117, 115, 101, 34, 58, 34, 48, 48, 48, 48, 48, 48, 48, 48, 32, 100, 114, 97, 101, 110, 103, 116, 32, 105, 109, 32, 66, 97, 110, 100, 98, 101, 114, 101, 105, 99, 104, 32, 57, 54, 46, 46, 49, 48, 48, 32, 103, 101, 103, 101, 110, 32, 100, 101, 110, 32, 77, 97, 115, 116, 101, 114, 46, 34, 44, 34, 108, 105, 115, 116, 101, 110, 95, 102, 111, 114, 34, 58, 34, 79, 98, 32, 100, 101, 114, 32, 77, 97, 115, 116, 101, 114, 32, 105, 109, 32, 109, 97, 114, 107, 105, 101, 114, 116, 101, 110, 32, 66, 101, 114, 101, 105, 99, 104, 32, 76, 117, 102, 116, 32, 98, 101, 107, 111, 109, 109, 116, 46, 34, 44, 34, 110, 101, 120, 116, 95, 116, 101, 115, 116, 34, 58, 34, 112, 114, 101, 95, 112, 111, 115, 116, 95, 112, 97, 97, 114, 95, 109, 101, 115, 115, 101, 110, 34, 44, 34, 114, 97, 110, 103, 34, 58, 123, 34, 98, 97, 110, 100, 112, 97, 115, 115, 117, 110, 103, 34, 58, 48, 46, 48, 55, 49, 56, 57, 57, 49, 48, 53, 51, 54, 50, 49, 54, 51, 51, 55, 44, 34, 105, 110, 116, 101, 110, 116, 95, 114, 101, 108, 101, 118, 97, 110, 122, 34, 58, 48, 46, 53, 44, 34, 107, 111, 105, 110, 122, 105, 100, 101, 110, 122, 34, 58, 48, 46, 48, 44, 34, 114, 111, 117, 116, 105, 110, 103, 113, 117, 97, 108, 105, 116, 97, 101, 116, 34, 58, 49, 46, 48, 44, 34, 117, 112, 108, 105, 102, 116, 34, 58, 48, 46, 48, 44, 34, 119, 105, 101, 100, 101, 114, 104, 111, 108, 98, 97, 114, 107, 101, 105, 116, 34, 58, 48, 46, 48, 125, 44, 34, 115, 109, 97, 108, 108, 101, 115, 116, 95, 116, 101, 115, 116, 34, 58, 34, 80, 82, 69, 47, 80, 79, 83, 84, 45, 80, 97, 97, 114, 32, 97, 110, 32, 100, 105, 101, 115, 101, 114, 32, 81, 117, 101, 108, 108, 101, 32, 109, 101, 115, 115, 101, 110, 46, 34, 44, 34, 116, 97, 114, 103, 101, 116, 95, 109, 101, 116, 114, 105, 99, 34, 58, 34, 98, 97, 110, 100, 95, 112, 101, 103, 101, 108, 95, 100, 98, 34, 44, 34, 117, 114, 115, 97, 99, 104, 101, 110, 107, 108, 97, 115, 115, 101, 34, 58, 34, 122, 119, 101, 105, 95, 113, 117, 101, 108, 108, 101, 110, 95, 107, 111, 110, 107, 117, 114, 114, 101, 110, 122, 34, 44, 34, 122, 117, 115, 116, 97, 110, 100, 34, 58, 34, 114, 101, 97, 100, 121, 95, 116, 111, 95, 115, 101, 110, 100, 34, 125, 44, 123, 34, 98, 97, 110, 100, 95, 104, 122, 34, 58, 123, 34, 98, 105, 115, 34, 58, 49, 48, 48, 44, 34, 118, 111, 110, 34, 58, 57, 54, 125, 44, 34, 98, 101, 111, 98, 97, 99, 104, 116, 117, 110, 103, 34, 58, 123, 34, 103, 117, 101, 108, 116, 105, 103, 34, 58, 116, 114, 117, 101, 44, 34, 119, 101, 114, 116, 95, 100, 98, 34, 58, 45, 51, 46, 50, 57, 57, 57, 57, 57, 57, 53, 50, 51, 49, 54, 50, 56, 52, 125, 44, 34, 99, 97, 110, 100, 105, 100, 97, 116, 101, 95, 115, 111, 117, 114, 99, 101, 34, 58, 34, 48, 48, 48, 48, 48, 48, 48, 48, 48, 48, 48, 48, 48, 48, 48, 48, 48, 48, 48, 48, 48, 48, 48, 48, 48, 48, 48, 48, 48, 48, 48, 51, 34, 44, 34, 99, 108, 97, 105, 109, 95, 99, 108, 97, 115, 115, 34, 58, 34, 122, 117, 115, 97, 109, 109, 101, 110, 104, 97, 110, 103, 34, 44, 34, 99, 111, 110, 102, 105, 100, 101, 110, 99, 101, 34, 58, 123, 34, 99, 108, 97, 115, 115, 34, 58, 34, 104, 111, 99, 104, 34, 44, 34, 115, 99, 111, 114, 101, 34, 58, 48, 46, 50, 54, 49, 57, 56, 50, 57, 57, 57, 57, 57, 57, 57, 57, 57, 57, 55, 125, 44, 34, 101, 118, 105, 100, 101, 110, 99, 101, 95, 105, 100, 115, 34, 58, 91, 34, 48, 48, 48, 48, 48, 48, 48, 48, 48, 48, 48, 48, 48, 48, 48, 48, 48, 48, 48, 48, 48, 48, 48, 48, 48, 48, 48, 48, 49, 48, 99, 56, 34, 44, 34, 48, 48, 48, 48, 48, 48, 48, 48, 48, 48, 48, 48, 48, 48, 48, 48, 48, 48, 48, 48, 48, 48, 48, 48, 48, 48, 48, 48, 49, 48, 99, 57, 34, 44, 34, 48, 48, 48, 48, 48, 48, 48, 48, 48, 48, 48, 48, 48, 48, 48, 48, 48, 48, 48, 48, 48, 48, 48, 48, 48, 48, 48, 48, 49, 48, 99, 97, 34, 44, 34, 48, 48, 48, 48, 48, 48, 48, 48, 48, 48, 48, 48, 48, 48, 48, 48, 48, 48, 48, 48, 48, 48, 48, 48, 48, 48, 48, 48, 49, 48, 99, 98, 34, 44, 34, 48, 48, 48, 48, 48, 48, 48, 48, 48, 48, 48, 48, 48, 48, 48, 48, 48, 48, 48, 48, 48, 48, 48, 48, 48, 48, 48, 48, 49, 48, 99, 99, 34, 44, 34, 48, 48, 48, 48, 48, 48, 48, 48, 48, 48, 48, 48, 48, 48, 48, 48, 48, 48, 48, 48, 48, 48, 48, 48, 48, 48, 48, 48, 49, 48, 99, 100, 34, 44, 34, 48, 48, 48, 48, 48, 48, 48, 48, 48, 48, 48, 48, 48, 48, 48, 48, 48, 48, 48, 48, 48, 48, 48, 48, 48, 48, 48, 48, 49, 48, 99, 101, 34, 44, 34, 48, 48, 48, 48, 48, 48, 48, 48, 48, 48, 48, 48, 48, 48, 48, 48, 48, 48, 48, 48, 48, 48, 48, 48, 48, 48, 48, 48, 49, 48, 99, 102, 34, 93, 44, 34, 102, 105, 110, 100, 105, 110, 103, 95, 105, 100, 34, 58, 34, 102, 54, 100, 53, 57, 49, 102, 97, 98, 53, 100, 55, 99, 100, 97, 49, 50, 56, 57, 98, 51, 101, 99, 57, 99, 99, 98, 48, 100, 99, 56, 52, 34, 44, 34, 105, 110, 116, 101, 110, 116, 95, 114, 101, 118, 105, 115, 105, 111, 110, 34, 58, 48, 44, 34, 108, 105, 107, 101, 108, 121, 95, 99, 97, 117, 115, 101, 34, 58, 34, 48, 48, 48, 48, 48, 48, 48, 48, 32, 100, 114, 97, 101, 110, 103, 116, 32, 105, 109, 32, 66, 97, 110, 100, 98, 101, 114, 101, 105, 99, 104, 32, 57, 54, 46, 46, 49, 48, 48, 32, 103, 101, 103, 101, 110, 32, 100, 101, 110, 32, 77, 97, 115, 116, 101, 114, 46, 34, 44, 34, 108, 105, 115, 116, 101, 110, 95, 102, 111, 114, 34, 58, 34, 79, 98, 32, 100, 101, 114, 32, 77, 97, 115, 116, 101, 114, 32, 105, 109, 32, 109, 97, 114, 107, 105, 101, 114, 116, 101, 110, 32, 66, 101, 114, 101, 105, 99, 104, 32, 76, 117, 102, 116, 32, 98, 101, 107, 111, 109, 109, 116, 46, 34, 44, 34, 110, 101, 120, 116, 95, 116, 101, 115, 116, 34, 58, 34, 112, 114, 101, 95, 112, 111, 115, 116, 95, 112, 97, 97, 114, 95, 109, 101, 115, 115, 101, 110, 34, 44, 34, 114, 97, 110, 103, 34, 58, 123, 34, 98, 97, 110, 100, 112, 97, 115, 115, 117, 110, 103, 34, 58, 48, 46, 48, 55, 49, 56, 57, 57, 49, 48, 53, 51, 54, 50, 49, 54, 51, 51, 55, 44, 34, 105, 110, 116, 101, 110, 116, 95, 114, 101, 108, 101, 118, 97, 110, 122, 34, 58, 48, 46, 53, 44, 34, 107, 111, 105, 110, 122, 105, 100, 101, 110, 122, 34, 58, 48, 46, 48, 44, 34, 114, 111, 117, 116, 105, 110, 103, 113, 117, 97, 108, 105, 116, 97, 101, 116, 34, 58, 49, 46, 48, 44, 34, 117, 112, 108, 105, 102, 116, 34, 58, 48, 46, 48, 44, 34, 119, 105, 101, 100, 101, 114, 104, 111, 108, 98, 97, 114, 107, 101, 105, 116, 34, 58, 48, 46, 48, 125, 44, 34, 115, 109, 97, 108, 108, 101, 115, 116, 95, 116, 101, 115, 116, 34, 58, 34, 80, 82, 69, 47, 80, 79, 83, 84, 45, 80, 97, 97, 114, 32, 97, 110, 32, 100, 105, 101, 115, 101, 114, 32, 81, 117, 101, 108, 108, 101, 32, 109, 101, 115, 115, 101, 110, 46, 34, 44, 34, 116, 97, 114, 103, 101, 116, 95, 109, 101, 116, 114, 105, 99, 34, 58, 34, 98, 97, 110, 100, 95, 112, 101, 103, 101, 108, 95, 100, 98, 34, 44, 34, 117, 114, 115, 97, 99, 104, 101, 110, 107, 108, 97, 115, 115, 101, 34, 58, 34, 122, 119, 101, 105, 95, 113, 117, 101, 108, 108, 101, 110, 95, 107, 111, 110, 107, 117, 114, 114, 101, 110, 122, 34, 44, 34, 122, 117, 115, 116, 97, 110, 100, 34, 58, 34, 114, 101, 97, 100, 121, 95, 116, 111, 95, 115, 101, 110, 100, 34, 125, 44, 123, 34, 98, 97, 110, 100, 95, 104, 122, 34, 58, 123, 34, 98, 105, 115, 34, 58, 49, 48, 48, 44, 34, 118, 111, 110, 34, 58, 57, 54, 125, 44, 34, 98, 101, 111, 98, 97, 99, 104, 116, 117, 110, 103, 34, 58, 123, 34, 103, 117, 101, 108, 116, 105, 103, 34, 58, 116, 114, 117, 101, 44, 34, 119, 101, 114, 116, 95, 100, 98, 34, 58, 45, 51, 46, 50, 57, 57, 57, 57, 57, 57, 53, 50, 51, 49, 54, 50, 56, 52, 125, 44, 34, 99, 97, 110, 100, 105, 100, 97, 116, 101, 95, 115, 111, 117, 114, 99, 101, 34, 58, 34, 48, 48, 48, 48, 48, 48, 48, 48, 48, 48, 48, 48, 48, 48, 48, 48, 48, 48, 48, 48, 48, 48, 48, 48, 48, 48, 48, 48, 48, 48, 48, 52, 34, 44, 34, 99, 108, 97, 105, 109, 95, 99, 108, 97, 115, 115, 34, 58, 34, 122, 117, 115, 97, 109, 109, 101, 110, 104, 97, 110, 103, 34, 44, 34, 99, 111, 110, 102, 105, 100, 101, 110, 99, 101, 34, 58, 123, 34, 99, 108, 97, 115, 115, 34, 58, 34, 104, 111, 99, 104, 34, 44, 34, 115, 99, 111, 114, 101, 34, 58, 48, 46, 50, 54, 49, 57, 56, 50, 57, 57, 57, 57, 57, 57, 57, 57, 57, 57, 55, 125, 44, 34, 101, 118, 105, 100, 101, 110, 99, 101, 95, 105, 100, 115, 34, 58, 91, 34, 48, 48, 48, 48, 48, 48, 48, 48, 48, 48, 48, 48, 48, 48, 48, 48, 48, 48, 48, 48, 48, 48, 48, 48, 48, 48, 48, 48, 49, 49, 50, 99, 34, 44, 34, 48, 48, 48, 48, 48, 48, 48, 48, 48, 48, 48, 48, 48, 48, 48, 48, 48, 48, 48, 48, 48, 48, 48, 48, 48, 48, 48, 48, 49, 49, 50, 100, 34, 44, 34, 48, 48, 48, 48, 48, 48, 48, 48, 48, 48, 48, 48, 48, 48, 48, 48, 48, 48, 48, 48, 48, 48, 48, 48, 48, 48, 48, 48, 49, 49, 50, 101, 34, 44, 34, 48, 48, 48, 48, 48, 48, 48, 48, 48, 48, 48, 48, 48, 48, 48, 48, 48, 48, 48, 48, 48, 48, 48, 48, 48, 48, 48, 48, 49, 49, 50, 102, 34, 44, 34, 48, 48, 48, 48, 48, 48, 48, 48, 48, 48, 48, 48, 48, 48, 48, 48, 48, 48, 48, 48, 48, 48, 48, 48, 48, 48, 48, 48, 49, 49, 51, 48, 34, 44, 34, 48, 48, 48, 48, 48, 48, 48, 48, 48, 48, 48, 48, 48, 48, 48, 48, 48, 48, 48, 48, 48, 48, 48, 48, 48, 48, 48, 48, 49, 49, 51, 49, 34, 44, 34, 48, 48, 48, 48, 48, 48, 48, 48, 48, 48, 48, 48, 48, 48, 48, 48, 48, 48, 48, 48, 48, 48, 48, 48, 48, 48, 48, 48, 49, 49, 51, 50, 34, 44, 34, 48, 48, 48, 48, 48, 48, 48, 48, 48, 48, 48, 48, 48, 48, 48, 48, 48, 48, 48, 48, 48, 48, 48, 48, 48, 48, 48, 48, 49, 49, 51, 51, 34, 93, 44, 34, 102, 105, 110, 100, 105, 110, 103, 95, 105, 100, 34, 58, 34, 99, 57, 99, 51, 48, 100, 50, 55, 100, 99, 101, 52, 102, 100, 50, 101, 51, 97, 101, 97, 99, 55, 102, 55, 56, 48, 56, 101, 100, 56, 55, 48, 34, 44, 34, 105, 110, 116, 101, 110, 116, 95, 114, 101, 118, 105, 115, 105, 111, 110, 34, 58, 48, 44, 34, 108, 105, 107, 101, 108, 121, 95, 99, 97, 117, 115, 101, 34, 58, 34, 48, 48, 48, 48, 48, 48, 48, 48, 32, 100, 114, 97, 101, 110, 103, 116, 32, 105, 109, 32, 66, 97, 110, 100, 98, 101, 114, 101, 105, 99, 104, 32, 57, 54, 46, 46, 49, 48, 48, 32, 103, 101, 103, 101, 110, 32, 100, 101, 110, 32, 77, 97, 115, 116, 101, 114, 46, 34, 44, 34, 108, 105, 115, 116, 101, 110, 95, 102, 111, 114, 34, 58, 34, 79, 98, 32, 100, 101, 114, 32, 77, 97, 115, 116, 101, 114, 32, 105, 109, 32, 109, 97, 114, 107, 105, 101, 114, 116, 101, 110, 32, 66, 101, 114, 101, 105, 99, 104, 32, 76, 117, 102, 116, 32, 98, 101, 107, 111, 109, 109, 116, 46, 34, 44, 34, 110, 101, 120, 116, 95, 116, 101, 115, 116, 34, 58, 34, 112, 114, 101, 95, 112, 111, 115, 116, 95, 112, 97, 97, 114, 95, 109, 101, 115, 115, 101, 110, 34, 44, 34, 114, 97, 110, 103, 34, 58, 123, 34, 98, 97, 110, 100, 112, 97, 115, 115, 117, 110, 103, 34, 58, 48, 46, 48, 55, 49, 56, 57, 57, 49, 48, 53, 51, 54, 50, 49, 54, 51, 51, 55, 44, 34, 105, 110, 116, 101, 110, 116, 95, 114, 101, 108, 101, 118, 97, 110, 122, 34, 58, 48, 46, 53, 44, 34, 107, 111, 105, 110, 122, 105, 100, 101, 110, 122, 34, 58, 48, 46, 48, 44, 34, 114, 111, 117, 116, 105, 110, 103, 113, 117, 97, 108, 105, 116, 97, 101, 116, 34, 58, 49, 46, 48, 44, 34, 117, 112, 108, 105, 102, 116, 34, 58, 48, 46, 48, 44, 34, 119, 105, 101, 100, 101, 114, 104, 111, 108, 98, 97, 114, 107, 101, 105, 116, 34, 58, 48, 46, 48, 125, 44, 34, 115, 109, 97, 108, 108, 101, 115, 116, 95, 116, 101, 115, 116, 34, 58, 34, 80, 82, 69, 47, 80, 79, 83, 84, 45, 80, 97, 97, 114, 32, 97, 110, 32, 100, 105, 101, 115, 101, 114, 32, 81, 117, 101, 108, 108, 101, 32, 109, 101, 115, 115, 101, 110, 46, 34, 44, 34, 116, 97, 114, 103, 101, 116, 95, 109, 101, 116, 114, 105, 99, 34, 58, 34, 98, 97, 110, 100, 95, 112, 101, 103, 101, 108, 95, 100, 98, 34, 44, 34, 117, 114, 115, 97, 99, 104, 101, 110, 107, 108, 97, 115, 115, 101, 34, 58, 34, 122, 119, 101, 105, 95, 113, 117, 101, 108, 108, 101, 110, 95, 107, 111, 110, 107, 117, 114, 114, 101, 110, 122, 34, 44, 34, 122, 117, 115, 116, 97, 110, 100, 34, 58, 34, 114, 101, 97, 100, 121, 95, 116, 111, 95, 115, 101, 110, 100, 34, 125, 93]
 right: [91, 123, 34, 97, 108, 116, 101, 114, 110, 97, 116, 105, 118, 101, 115, 34, 58, 91, 34, 56, 102, 98, 53, 51, 100, 57, 99, 54, 56, 97, 102, 53, 101, 57, 102, 56, 56, 97, 97, 102, 101, 52, 51, 54, 52, 51, 98, 101, 56, 102, 57, 34, 44, 34, 99, 53, 53, 49, 48, 48, 54, 98, 51, 49, 49, 50, 56, 97, 50, 101, 49, 54, 57, 102, 97, 51, 56, 53, 56, 102, 55, 102, 56, 50, 100, 55, 34, 93, 44, 34, 98, 97, 110, 100, 95, 104, 122, 34, 58, 123, 34, 98, 105, 115, 34, 58, 49, 48, 48, 44, 34, 118, 111, 110, 34, 58, 57, 54, 125, 44, 34, 98, 101, 111, 98, 97, 99, 104, 116, 117, 110, 103, 34, 58, 123, 34, 103, 117, 101, 108, 116, 105, 103, 34, 58, 116, 114, 117, 101, 44, 34, 119, 101, 114, 116, 95, 100, 98, 34, 58, 45, 51, 46, 50, 57, 57, 57, 57, 57, 57, 53, 50, 51, 49, 54, 50, 56, 52, 125, 44, 34, 99, 97, 110, 100, 105, 100, 97, 116, 101, 95, 115, 111, 117, 114, 99, 101, 34, 58, 34, 48, 48, 48, 48, 48, 48, 48, 48, 48, 48, 48, 48, 48, 48, 48, 48, 48, 48, 48, 48, 48, 48, 48, 48, 48, 48, 48, 48, 48, 48, 48, 50, 34, 44, 34, 99, 108, 97, 105, 109, 95, 99, 108, 97, 115, 115, 34, 58, 34, 122, 117, 115, 97, 109, 109, 101, 110, 104, 97, 110, 103, 34, 44, 34, 99, 111, 110, 102, 105, 100, 101, 110, 99, 101, 34, 58, 123, 34, 99, 108, 97, 115, 115, 34, 58, 34, 104, 111, 99, 104, 34, 44, 34, 115, 99, 111, 114, 101, 34, 58, 48, 46, 50, 54, 49, 57, 56, 50, 57, 57, 57, 57, 57, 57, 57, 57, 57, 57, 55, 125, 44, 34, 101, 118, 105, 100, 101, 110, 99, 101, 95, 105, 100, 115, 34, 58, 91, 34, 48, 48, 48, 48, 48, 48, 48, 48, 48, 48, 48, 48, 48, 48, 48, 48, 48, 48, 48, 48, 48, 48, 48, 48, 48, 48, 48, 48, 49, 48, 54, 52, 34, 44, 34, 48, 48, 48, 48, 48, 48, 48, 48, 48, 48, 48, 48, 48, 48, 48, 48, 48, 48, 48, 48, 48, 48, 48, 48, 48, 48, 48, 48, 49, 48, 54, 53, 34, 44, 34, 48, 48, 48, 48, 48, 48, 48, 48, 48, 48, 48, 48, 48, 48, 48, 48, 48, 48, 48, 48, 48, 48, 48, 48, 48, 48, 48, 48, 49, 48, 54, 54, 34, 44, 34, 48, 48, 48, 48, 48, 48, 48, 48, 48, 48, 48, 48, 48, 48, 48, 48, 48, 48, 48, 48, 48, 48, 48, 48, 48, 48, 48, 48, 49, 48, 54, 55, 34, 44, 34, 48, 48, 48, 48, 48, 48, 48, 48, 48, 48, 48, 48, 48, 48, 48, 48, 48, 48, 48, 48, 48, 48, 48, 48, 48, 48, 48, 48, 49, 48, 54, 56, 34, 44, 34, 48, 48, 48, 48, 48, 48, 48, 48, 48, 48, 48, 48, 48, 48, 48, 48, 48, 48, 48, 48, 48, 48, 48, 48, 48, 48, 48, 48, 49, 48, 54, 57, 34, 44, 34, 48, 48, 48, 48, 48, 48, 48, 48, 48, 48, 48, 48, 48, 48, 48, 48, 48, 48, 48, 48, 48, 48, 48, 48, 48, 48, 48, 48, 49, 48, 54, 97, 34, 44, 34, 48, 48, 48, 48, 48, 48, 48, 48, 48, 48, 48, 48, 48, 48, 48, 48, 48, 48, 48, 48, 48, 48, 48, 48, 48, 48, 48, 48, 49, 48, 54, 98, 34, 93, 44, 34, 102, 105, 110, 100, 105, 110, 103, 95, 105, 100, 34, 58, 34, 97, 97, 55, 57, 48, 53, 100, 55, 101, 100, 57, 52, 54, 100, 48, 50, 48, 52, 49, 102, 55, 57, 49, 50, 57, 49, 99, 99, 52, 49, 51, 56, 34, 44, 34, 105, 110, 116, 101, 110, 116, 95, 114, 101, 118, 105, 115, 105, 111, 110, 34, 58, 48, 44, 34, 108, 105, 107, 101, 108, 121, 95, 99, 97, 117, 115, 101, 34, 58, 34, 48, 48, 48, 48, 48, 48, 48, 48, 32, 100, 114, 97, 101, 110, 103, 116, 32, 105, 109, 32, 66, 97, 110, 100, 98, 101, 114, 101, 105, 99, 104, 32, 57, 54, 46, 46, 49, 48, 48, 32, 103, 101, 103, 101, 110, 32, 100, 101, 110, 32, 77, 97, 115, 116, 101, 114, 46, 34, 44, 34, 108, 105, 115, 116, 101, 110, 95, 102, 111, 114, 34, 58, 34, 79, 98, 32, 100, 101, 114, 32, 77, 97, 115, 116, 101, 114, 32, 105, 109, 32, 109, 97, 114, 107, 105, 101, 114, 116, 101, 110, 32, 66, 101, 114, 101, 105, 99, 104, 32, 76, 117, 102, 116, 32, 98, 101, 107, 111, 109, 109, 116, 46, 34, 44, 34, 110, 101, 120, 116, 95, 116, 101, 115, 116, 34, 58, 34, 112, 114, 101, 95, 112, 111, 115, 116, 95, 112, 97, 97, 114, 95, 109, 101, 115, 115, 101, 110, 34, 44, 34, 114, 97, 110, 103, 34, 58, 123, 34, 98, 97, 110, 100, 112, 97, 115, 115, 117, 110, 103, 34, 58, 48, 46, 48, 55, 49, 56, 57, 57, 49, 48, 53, 51, 54, 50, 49, 54, 51, 51, 55, 44, 34, 105, 110, 116, 101, 110, 116, 95, 114, 101, 108, 101, 118, 97, 110, 122, 34, 58, 48, 46, 53, 44, 34, 107, 111, 105, 110, 122, 105, 100, 101, 110, 122, 34, 58, 48, 46, 48, 44, 34, 114, 111, 117, 116, 105, 110, 103, 113, 117, 97, 108, 105, 116, 97, 101, 116, 34, 58, 49, 46, 48, 44, 34, 117, 112, 108, 105, 102, 116, 34, 58, 48, 46, 48, 44, 34, 119, 105, 101, 100, 101, 114, 104, 111, 108, 98, 97, 114, 107, 101, 105, 116, 34, 58, 48, 46, 48, 125, 44, 34, 115, 109, 97, 108, 108, 101, 115, 116, 95, 116, 101, 115, 116, 34, 58, 34, 80, 82, 69, 47, 80, 79, 83, 84, 45, 80, 97, 97, 114, 32, 97, 110, 32, 100, 105, 101, 115, 101, 114, 32, 81, 117, 101, 108, 108, 101, 32, 109, 101, 115, 115, 101, 110, 46, 34, 44, 34, 116, 97, 114, 103, 101, 116, 95, 109, 101, 116, 114, 105, 99, 34, 58, 34, 98, 97, 110, 100, 95, 112, 101, 103, 101, 108, 95, 100, 98, 34, 44, 34, 117, 114, 115, 97, 99, 104, 101, 110, 107, 108, 97, 115, 115, 101, 34, 58, 34, 122, 119, 101, 105, 95, 113, 117, 101, 108, 108, 101, 110, 95, 107, 111, 110, 107, 117, 114, 114, 101, 110, 122, 34, 44, 34, 122, 117, 115, 116, 97, 110, 100, 34, 58, 34, 114, 101, 97, 100, 121, 95, 116, 111, 95, 115, 101, 110, 100, 34, 125, 44, 123, 34, 98, 97, 110, 100, 95, 104, 122, 34, 58, 123, 34, 98, 105, 115, 34, 58, 49, 48, 48, 44, 34, 118, 111, 110, 34, 58, 57, 54, 125, 44, 34, 98, 101, 111, 98, 97, 99, 104, 116, 117, 110, 103, 34, 58, 123, 34, 103, 117, 101, 108, 116, 105, 103, 34, 58, 116, 114, 117, 101, 44, 34, 119, 101, 114, 116, 95, 100, 98, 34, 58, 45, 51, 46, 50, 57, 57, 57, 57, 57, 57, 53, 50, 51, 49, 54, 50, 56, 52, 125, 44, 34, 99, 97, 110, 100, 105, 100, 97, 116, 101, 95, 115, 111, 117, 114, 99, 101, 34, 58, 34, 48, 48, 48, 48, 48, 48, 48, 48, 48, 48, 48, 48, 48, 48, 48, 48, 48, 48, 48, 48, 48, 48, 48, 48, 48, 48, 48, 48, 48, 48, 48, 51, 34, 44, 34, 99, 108, 97, 105, 109, 95, 99, 108, 97, 115, 115, 34, 58, 34, 122, 117, 115, 97, 109, 109, 101, 110, 104, 97, 110, 103, 34, 44, 34, 99, 111, 110, 102, 105, 100, 101, 110, 99, 101, 34, 58, 123, 34, 99, 108, 97, 115, 115, 34, 58, 34, 104, 111, 99, 104, 34, 44, 34, 115, 99, 111, 114, 101, 34, 58, 48, 46, 50, 54, 49, 57, 56, 50, 57, 57, 57, 57, 57, 57, 57, 57, 57, 57, 55, 125, 44, 34, 101, 118, 105, 100, 101, 110, 99, 101, 95, 105, 100, 115, 34, 58, 91, 34, 48, 48, 48, 48, 48, 48, 48, 48, 48, 48, 48, 48, 48, 48, 48, 48, 48, 48, 48, 48, 48, 48, 48, 48, 48, 48, 48, 48, 49, 48, 99, 56, 34, 44, 34, 48, 48, 48, 48, 48, 48, 48, 48, 48, 48, 48, 48, 48, 48, 48, 48, 48, 48, 48, 48, 48, 48, 48, 48, 48, 48, 48, 48, 49, 48, 99, 57, 34, 44, 34, 48, 48, 48, 48, 48, 48, 48, 48, 48, 48, 48, 48, 48, 48, 48, 48, 48, 48, 48, 48, 48, 48, 48, 48, 48, 48, 48, 48, 49, 48, 99, 97, 34, 44, 34, 48, 48, 48, 48, 48, 48, 48, 48, 48, 48, 48, 48, 48, 48, 48, 48, 48, 48, 48, 48, 48, 48, 48, 48, 48, 48, 48, 48, 49, 48, 99, 98, 34, 44, 34, 48, 48, 48, 48, 48, 48, 48, 48, 48, 48, 48, 48, 48, 48, 48, 48, 48, 48, 48, 48, 48, 48, 48, 48, 48, 48, 48, 48, 49, 48, 99, 99, 34, 44, 34, 48, 48, 48, 48, 48, 48, 48, 48, 48, 48, 48, 48, 48, 48, 48, 48, 48, 48, 48, 48, 48, 48, 48, 48, 48, 48, 48, 48, 49, 48, 99, 100, 34, 44, 34, 48, 48, 48, 48, 48, 48, 48, 48, 48, 48, 48, 48, 48, 48, 48, 48, 48, 48, 48, 48, 48, 48, 48, 48, 48, 48, 48, 48, 49, 48, 99, 101, 34, 44, 34, 48, 48, 48, 48, 48, 48, 48, 48, 48, 48, 48, 48, 48, 48, 48, 48, 48, 48, 48, 48, 48, 48, 48, 48, 48, 48, 48, 48, 49, 48, 99, 102, 34, 93, 44, 34, 102, 105, 110, 100, 105, 110, 103, 95, 105, 100, 34, 58, 34, 56, 102, 98, 53, 51, 100, 57, 99, 54, 56, 97, 102, 53, 101, 57, 102, 56, 56, 97, 97, 102, 101, 52, 51, 54, 52, 51, 98, 101, 56, 102, 57, 34, 44, 34, 105, 110, 116, 101, 110, 116, 95, 114, 101, 118, 105, 115, 105, 111, 110, 34, 58, 48, 44, 34, 108, 105, 107, 101, 108, 121, 95, 99, 97, 117, 115, 101, 34, 58, 34, 48, 48, 48, 48, 48, 48, 48, 48, 32, 100, 114, 97, 101, 110, 103, 116, 32, 105, 109, 32, 66, 97, 110, 100, 98, 101, 114, 101, 105, 99, 104, 32, 57, 54, 46, 46, 49, 48, 48, 32, 103, 101, 103, 101, 110, 32, 100, 101, 110, 32, 77, 97, 115, 116, 101, 114, 46, 34, 44, 34, 108, 105, 115, 116, 101, 110, 95, 102, 111, 114, 34, 58, 34, 79, 98, 32, 100, 101, 114, 32, 77, 97, 115, 116, 101, 114, 32, 105, 109, 32, 109, 97, 114, 107, 105, 101, 114, 116, 101, 110, 32, 66, 101, 114, 101, 105, 99, 104, 32, 76, 117, 102, 116, 32, 98, 101, 107, 111, 109, 109, 116, 46, 34, 44, 34, 110, 101, 120, 116, 95, 116, 101, 115, 116, 34, 58, 34, 112, 114, 101, 95, 112, 111, 115, 116, 95, 112, 97, 97, 114, 95, 109, 101, 115, 115, 101, 110, 34, 44, 34, 114, 97, 110, 103, 34, 58, 123, 34, 98, 97, 110, 100, 112, 97, 115, 115, 117, 110, 103, 34, 58, 48, 46, 48, 55, 49, 56, 57, 57, 49, 48, 53, 51, 54, 50, 49, 54, 51, 51, 55, 44, 34, 105, 110, 116, 101, 110, 116, 95, 114, 101, 108, 101, 118, 97, 110, 122, 34, 58, 48, 46, 53, 44, 34, 107, 111, 105, 110, 122, 105, 100, 101, 110, 122, 34, 58, 48, 46, 48, 44, 34, 114, 111, 117, 116, 105, 110, 103, 113, 117, 97, 108, 105, 116, 97, 101, 116, 34, 58, 49, 46, 48, 44, 34, 117, 112, 108, 105, 102, 116, 34, 58, 48, 46, 48, 44, 34, 119, 105, 101, 100, 101, 114, 104, 111, 108, 98, 97, 114, 107, 101, 105, 116, 34, 58, 48, 46, 48, 125, 44, 34, 115, 109, 97, 108, 108, 101, 115, 116, 95, 116, 101, 115, 116, 34, 58, 34, 80, 82, 69, 47, 80, 79, 83, 84, 45, 80, 97, 97, 114, 32, 97, 110, 32, 100, 105, 101, 115, 101, 114, 32, 81, 117, 101, 108, 108, 101, 32, 109, 101, 115, 115, 101, 110, 46, 34, 44, 34, 116, 97, 114, 103, 101, 116, 95, 109, 101, 116, 114, 105, 99, 34, 58, 34, 98, 97, 110, 100, 95, 112, 101, 103, 101, 108, 95, 100, 98, 34, 44, 34, 117, 114, 115, 97, 99, 104, 101, 110, 107, 108, 97, 115, 115, 101, 34, 58, 34, 122, 119, 101, 105, 95, 113, 117, 101, 108, 108, 101, 110, 95, 107, 111, 110, 107, 117, 114, 114, 101, 110, 122, 34, 44, 34, 122, 117, 115, 116, 97, 110, 100, 34, 58, 34, 114, 101, 97, 100, 121, 95, 116, 111, 95, 115, 101, 110, 100, 34, 125, 44, 123, 34, 98, 97, 110, 100, 95, 104, 122, 34, 58, 123, 34, 98, 105, 115, 34, 58, 49, 48, 48, 44, 34, 118, 111, 110, 34, 58, 57, 54, 125, 44, 34, 98, 101, 111, 98, 97, 99, 104, 116, 117, 110, 103, 34, 58, 123, 34, 103, 117, 101, 108, 116, 105, 103, 34, 58, 116, 114, 117, 101, 44, 34, 119, 101, 114, 116, 95, 100, 98, 34, 58, 45, 51, 46, 50, 57, 57, 57, 57, 57, 57, 53, 50, 51, 49, 54, 50, 56, 52, 125, 44, 34, 99, 97, 110, 100, 105, 100, 97, 116, 101, 95, 115, 111, 117, 114, 99, 101, 34, 58, 34, 48, 48, 48, 48, 48, 48, 48, 48, 48, 48, 48, 48, 48, 48, 48, 48, 48, 48, 48, 48, 48, 48, 48, 48, 48, 48, 48, 48, 48, 48, 48, 52, 34, 44, 34, 99, 108, 97, 105, 109, 95, 99, 108, 97, 115, 115, 34, 58, 34, 122, 117, 115, 97, 109, 109, 101, 110, 104, 97, 110, 103, 34, 44, 34, 99, 111, 110, 102, 105, 100, 101, 110, 99, 101, 34, 58, 123, 34, 99, 108, 97, 115, 115, 34, 58, 34, 104, 111, 99, 104, 34, 44, 34, 115, 99, 111, 114, 101, 34, 58, 48, 46, 50, 54, 49, 57, 56, 50, 57, 57, 57, 57, 57, 57, 57, 57, 57, 57, 55, 125, 44, 34, 101, 118, 105, 100, 101, 110, 99, 101, 95, 105, 100, 115, 34, 58, 91, 34, 48, 48, 48, 48, 48, 48, 48, 48, 48, 48, 48, 48, 48, 48, 48, 48, 48, 48, 48, 48, 48, 48, 48, 48, 48, 48, 48, 48, 49, 49, 50, 99, 34, 44, 34, 48, 48, 48, 48, 48, 48, 48, 48, 48, 48, 48, 48, 48, 48, 48, 48, 48, 48, 48, 48, 48, 48, 48, 48, 48, 48, 48, 48, 49, 49, 50, 100, 34, 44, 34, 48, 48, 48, 48, 48, 48, 48, 48, 48, 48, 48, 48, 48, 48, 48, 48, 48, 48, 48, 48, 48, 48, 48, 48, 48, 48, 48, 48, 49, 49, 50, 101, 34, 44, 34, 48, 48, 48, 48, 48, 48, 48, 48, 48, 48, 48, 48, 48, 48, 48, 48, 48, 48, 48, 48, 48, 48, 48, 48, 48, 48, 48, 48, 49, 49, 50, 102, 34, 44, 34, 48, 48, 48, 48, 48, 48, 48, 48, 48, 48, 48, 48, 48, 48, 48, 48, 48, 48, 48, 48, 48, 48, 48, 48, 48, 48, 48, 48, 49, 49, 51, 48, 34, 44, 34, 48, 48, 48, 48, 48, 48, 48, 48, 48, 48, 48, 48, 48, 48, 48, 48, 48, 48, 48, 48, 48, 48, 48, 48, 48, 48, 48, 48, 49, 49, 51, 49, 34, 44, 34, 48, 48, 48, 48, 48, 48, 48, 48, 48, 48, 48, 48, 48, 48, 48, 48, 48, 48, 48, 48, 48, 48, 48, 48, 48, 48, 48, 48, 49, 49, 51, 50, 34, 44, 34, 48, 48, 48, 48, 48, 48, 48, 48, 48, 48, 48, 48, 48, 48, 48, 48, 48, 48, 48, 48, 48, 48, 48, 48, 48, 48, 48, 48, 49, 49, 51, 51, 34, 93, 44, 34, 102, 105, 110, 100, 105, 110, 103, 95, 105, 100, 34, 58, 34, 99, 53, 53, 49, 48, 48, 54, 98, 51, 49, 49, 50, 56, 97, 50, 101, 49, 54, 57, 102, 97, 51, 56, 53, 56, 102, 55, 102, 56, 50, 100, 55, 34, 44, 34, 105, 110, 116, 101, 110, 116, 95, 114, 101, 118, 105, 115, 105, 111, 110, 34, 58, 48, 44, 34, 108, 105, 107, 101, 108, 121, 95, 99, 97, 117, 115, 101, 34, 58, 34, 48, 48, 48, 48, 48, 48, 48, 48, 32, 100, 114, 97, 101, 110, 103, 116, 32, 105, 109, 32, 66, 97, 110, 100, 98, 101, 114, 101, 105, 99, 104, 32, 57, 54, 46, 46, 49, 48, 48, 32, 103, 101, 103, 101, 110, 32, 100, 101, 110, 32, 77, 97, 115, 116, 101, 114, 46, 34, 44, 34, 108, 105, 115, 116, 101, 110, 95, 102, 111, 114, 34, 58, 34, 79, 98, 32, 100, 101, 114, 32, 77, 97, 115, 116, 101, 114, 32, 105, 109, 32, 109, 97, 114, 107, 105, 101, 114, 116, 101, 110, 32, 66, 101, 114, 101, 105, 99, 104, 32, 76, 117, 102, 116, 32, 98, 101, 107, 111, 109, 109, 116, 46, 34, 44, 34, 110, 101, 120, 116, 95, 116, 101, 115, 116, 34, 58, 34, 112, 114, 101, 95, 112, 111, 115, 116, 95, 112, 97, 97, 114, 95, 109, 101, 115, 115, 101, 110, 34, 44, 34, 114, 97, 110, 103, 34, 58, 123, 34, 98, 97, 110, 100, 112, 97, 115, 115, 117, 110, 103, 34, 58, 48, 46, 48, 55, 49, 56, 57, 57, 49, 48, 53, 51, 54, 50, 49, 54, 51, 51, 55, 44, 34, 105, 110, 116, 101, 110, 116, 95, 114, 101, 108, 101, 118, 97, 110, 122, 34, 58, 48, 46, 53, 44, 34, 107, 111, 105, 110, 122, 105, 100, 101, 110, 122, 34, 58, 48, 46, 48, 44, 34, 114, 111, 117, 116, 105, 110, 103, 113, 117, 97, 108, 105, 116, 97, 101, 116, 34, 58, 49, 46, 48, 44, 34, 117, 112, 108, 105, 102, 116, 34, 58, 48, 46, 48, 44, 34, 119, 105, 101, 100, 101, 114, 104, 111, 108, 98, 97, 114, 107, 101, 105, 116, 34, 58, 48, 46, 48, 125, 44, 34, 115, 109, 97, 108, 108, 101, 115, 116, 95, 116, 101, 115, 116, 34, 58, 34, 80, 82, 69, 47, 80, 79, 83, 84, 45, 80, 97, 97, 114, 32, 97, 110, 32, 100, 105, 101, 115, 101, 114, 32, 81, 117, 101, 108, 108, 101, 32, 109, 101, 115, 115, 101, 110, 46, 34, 44, 34, 116, 97, 114, 103, 101, 116, 95, 109, 101, 116, 114, 105, 99, 34, 58, 34, 98, 97, 110, 100, 95, 112, 101, 103, 101, 108, 95, 100, 98, 34, 44, 34, 117, 114, 115, 97, 99, 104, 101, 110, 107, 108, 97, 115, 115, 101, 34, 58, 34, 122, 119, 101, 105, 95, 113, 117, 101, 108, 108, 101, 110, 95, 107, 111, 110, 107, 117, 114, 114, 101, 110, 122, 34, 44, 34, 122, 117, 115, 116, 97, 110, 100, 34, 58, 34, 114, 101, 97, 100, 121, 95, 116, 111, 95, 115, 101, 110, 100, 34, 125, 93]
note: run with `RUST_BACKTRACE=1` environment variable to display a backtrace


failures:
    ranking_ist_bytegleich_ueber_hundert_laeufe

test result: FAILED. 0 passed; 1 failed; 0 ignored; 0 measured; 16 filtered out; finished in 0.76s

   Compiling eqcop-broker v0.1.0 (C:\Users\phili\Projekte\Nakama\broker)
    Finished `test` profile [unoptimized + debuginfo] target(s) in 3.06s
     Running tests\sonde014_hypothese.rs (broker\target\debug\deps\sonde014_hypothese-3c6b314470c00640.exe)
error: test failed, to rerun pass `--test sonde014_hypothese`

[2] RUECKNAHME ZURUECKGENOMMEN, LAUF ERNEUT - erwartet GRUEN (Exitcode 0)
========================================================================

running 1 test
test ranking_ist_bytegleich_ueber_hundert_laeufe ... ok

test result: ok. 1 passed; 0 failed; 0 ignored; 0 measured; 16 filtered out; finished in 35.20s

   Compiling eqcop-broker v0.1.0 (C:\Users\phili\Projekte\Nakama\broker)
    Finished `test` profile [unoptimized + debuginfo] target(s) in 3.14s
     Running tests\sonde014_hypothese.rs (broker\target\debug\deps\sonde014_hypothese-3c6b314470c00640.exe)

URTEIL: OK (rot=101, gruen=0)
