SONDE-014 Etappe F - Rotbeweis M-44
========================================================================

GEWERTETE ZUSAGE
Derselbe Eingang erzeugt denselben Entwurf - hundert Laeufe, ein Ergebnis.

GEMESSEN AN  broker/tests/sonde014_proposal.rs::derselbe_eingang_erzeugt_denselben_entwurf

RUECKNAHME AM PRODUKTCODE  broker/src/coordinator/proposal.rs
------------------------------------------------------------------------
VORHER:
    hasher.update(GENERATORVERSION.to_be_bytes());
    hasher.update(lage.metrics_version.to_be_bytes());

NACHHER:
    hasher.update(GENERATORVERSION.to_be_bytes());
    hasher.update(lage.metrics_version.to_be_bytes());
    // RUECKNAHME M-44: die ID haengt an der Uhr statt am Eingang.
    hasher.update(
        std::time::SystemTime::now()
            .duration_since(std::time::UNIX_EPOCH)
            .map(|d| d.subsec_nanos())
            .unwrap_or(0)
            .to_be_bytes(),
    );
------------------------------------------------------------------------

[1] LAUF MIT RUECKNAHME - erwartet ROT (Exitcode 101)
========================================================================

running 1 test
test derselbe_eingang_erzeugt_denselben_entwurf ... FAILED

failures:

---- derselbe_eingang_erzeugt_denselben_entwurf stdout ----

thread 'derselbe_eingang_erzeugt_denselben_entwurf' (23964) panicked at tests\sonde014_proposal.rs:288:9:
assertion `left == right` failed: Lauf 0 weicht ab
  left: [91, 123, 34, 97, 99, 116, 105, 111, 110, 34, 58, 34, 109, 111, 114, 101, 95, 100, 97, 116, 97, 34, 44, 34, 97, 108, 108, 111, 119, 101, 100, 95, 98, 111, 117, 110, 100, 115, 34, 58, 123, 125, 44, 34, 98, 97, 115, 101, 95, 114, 101, 118, 105, 115, 105, 111, 110, 34, 58, 48, 44, 34, 99, 111, 110, 102, 105, 100, 101, 110, 99, 101, 34, 58, 123, 34, 99, 108, 97, 115, 115, 34, 58, 34, 104, 111, 99, 104, 34, 44, 34, 115, 99, 111, 114, 101, 34, 58, 48, 46, 50, 54, 49, 57, 56, 50, 57, 57, 57, 57, 57, 57, 57, 57, 57, 57, 55, 125, 44, 34, 101, 118, 105, 100, 101, 110, 99, 101, 95, 105, 100, 115, 34, 58, 91, 34, 48, 48, 48, 48, 48, 48, 48, 48, 48, 48, 48, 48, 48, 48, 48, 48, 48, 48, 48, 48, 48, 48, 48, 48, 48, 48, 48, 48, 49, 48, 54, 52, 34, 44, 34, 48, 48, 48, 48, 48, 48, 48, 48, 48, 48, 48, 48, 48, 48, 48, 48, 48, 48, 48, 48, 48, 48, 48, 48, 48, 48, 48, 48, 49, 48, 54, 53, 34, 44, 34, 48, 48, 48, 48, 48, 48, 48, 48, 48, 48, 48, 48, 48, 48, 48, 48, 48, 48, 48, 48, 48, 48, 48, 48, 48, 48, 48, 48, 49, 48, 54, 54, 34, 44, 34, 48, 48, 48, 48, 48, 48, 48, 48, 48, 48, 48, 48, 48, 48, 48, 48, 48, 48, 48, 48, 48, 48, 48, 48, 48, 48, 48, 48, 49, 48, 54, 55, 34, 44, 34, 48, 48, 48, 48, 48, 48, 48, 48, 48, 48, 48, 48, 48, 48, 48, 48, 48, 48, 48, 48, 48, 48, 48, 48, 48, 48, 48, 48, 49, 48, 54, 56, 34, 44, 34, 48, 48, 48, 48, 48, 48, 48, 48, 48, 48, 48, 48, 48, 48, 48, 48, 48, 48, 48, 48, 48, 48, 48, 48, 48, 48, 48, 48, 49, 48, 54, 57, 34, 44, 34, 48, 48, 48, 48, 48, 48, 48, 48, 48, 48, 48, 48, 48, 48, 48, 48, 48, 48, 48, 48, 48, 48, 48, 48, 48, 48, 48, 48, 49, 48, 54, 97, 34, 44, 34, 48, 48, 48, 48, 48, 48, 48, 48, 48, 48, 48, 48, 48, 48, 48, 48, 48, 48, 48, 48, 48, 48, 48, 48, 48, 48, 48, 48, 49, 48, 54, 98, 34, 44, 34, 48, 48, 48, 48, 48, 48, 48, 48, 48, 48, 48, 48, 48, 48, 48, 48, 48, 48, 48, 48, 48, 48, 48, 48, 48, 48, 48, 48, 49, 48, 54, 99, 34, 44, 34, 48, 48, 48, 48, 48, 48, 48, 48, 48, 48, 48, 48, 48, 48, 48, 48, 48, 48, 48, 48, 48, 48, 48, 48, 48, 48, 48, 48, 49, 48, 54, 100, 34, 44, 34, 48, 48, 48, 48, 48, 48, 48, 48, 48, 48, 48, 48, 48, 48, 48, 48, 48, 48, 48, 48, 48, 48, 48, 48, 48, 48, 48, 48, 49, 48, 54, 101, 34, 44, 34, 48, 48, 48, 48, 48, 48, 48, 48, 48, 48, 48, 48, 48, 48, 48, 48, 48, 48, 48, 48, 48, 48, 48, 48, 48, 48, 48, 48, 49, 48, 54, 102, 34, 93, 44, 34, 101, 120, 101, 99, 117, 116, 105, 111, 110, 34, 58, 34, 109, 97, 110, 117, 97, 108, 34, 44, 34, 101, 120, 112, 101, 99, 116, 101, 100, 95, 101, 102, 102, 101, 99, 116, 34, 58, 34, 110, 111, 110, 101, 34, 44, 34, 102, 105, 110, 100, 105, 110, 103, 95, 105, 100, 34, 58, 34, 101, 97, 54, 55, 101, 101, 100, 52, 53, 48, 97, 51, 53, 54, 99, 51, 48, 56, 52, 48, 56, 102, 48, 50, 50, 99, 55, 57, 54, 56, 53, 51, 34, 44, 34, 103, 101, 110, 101, 114, 97, 116, 111, 114, 118, 101, 114, 115, 105, 111, 110, 34, 58, 49, 44, 34, 105, 110, 116, 101, 110, 116, 95, 114, 101, 118, 105, 115, 105, 111, 110, 34, 58, 48, 44, 34, 108, 105, 115, 116, 101, 110, 95, 102, 111, 114, 34, 58, 34, 79, 98, 32, 100, 101, 114, 32, 77, 97, 115, 116, 101, 114, 32, 105, 109, 32, 109, 97, 114, 107, 105, 101, 114, 116, 101, 110, 32, 66, 101, 114, 101, 105, 99, 104, 32, 76, 117, 102, 116, 32, 98, 101, 107, 111, 109, 109, 116, 46, 34, 44, 34, 112, 97, 114, 97, 109, 101, 116, 101, 114, 115, 34, 58, 123, 125, 44, 34, 112, 114, 111, 112, 111, 115, 97, 108, 95, 105, 100, 34, 58, 34, 50, 57, 52, 99, 49, 102, 52, 56, 97, 51, 100, 100, 101, 57, 57, 50, 57, 100, 52, 52, 50, 52, 52, 52, 99, 50, 97, 49, 51, 101, 51, 52, 34, 44, 34, 112, 114, 111, 112, 111, 115, 97, 108, 95, 115, 99, 104, 101, 109, 97, 34, 58, 49, 44, 34, 112, 114, 111, 116, 101, 99, 116, 101, 100, 95, 116, 114, 97, 105, 116, 115, 34, 58, 91, 93, 44, 34, 114, 101, 118, 101, 114, 116, 34, 58, 34, 110, 111, 110, 101, 95, 110, 101, 101, 100, 101, 100, 34, 44, 34, 115, 116, 111, 112, 95, 105, 102, 34, 58, 91, 34, 103, 117, 97, 114, 100, 114, 97, 105, 108, 95, 97, 98, 100, 101, 99, 107, 117, 110, 103, 34, 44, 34, 103, 117, 97, 114, 100, 114, 97, 105, 108, 95, 108, 111, 117, 100, 110, 101, 115, 115, 34, 93, 44, 34, 116, 97, 114, 103, 101, 116, 34, 58, 34, 48, 48, 48, 48, 48, 48, 48, 48, 48, 48, 48, 48, 48, 48, 48, 48, 48, 48, 48, 48, 48, 48, 48, 48, 48, 48, 48, 48, 48, 48, 48, 49, 34, 125, 93]
 right: [91, 123, 34, 97, 99, 116, 105, 111, 110, 34, 58, 34, 109, 111, 114, 101, 95, 100, 97, 116, 97, 34, 44, 34, 97, 108, 108, 111, 119, 101, 100, 95, 98, 111, 117, 110, 100, 115, 34, 58, 123, 125, 44, 34, 98, 97, 115, 101, 95, 114, 101, 118, 105, 115, 105, 111, 110, 34, 58, 48, 44, 34, 99, 111, 110, 102, 105, 100, 101, 110, 99, 101, 34, 58, 123, 34, 99, 108, 97, 115, 115, 34, 58, 34, 104, 111, 99, 104, 34, 44, 34, 115, 99, 111, 114, 101, 34, 58, 48, 46, 50, 54, 49, 57, 56, 50, 57, 57, 57, 57, 57, 57, 57, 57, 57, 57, 55, 125, 44, 34, 101, 118, 105, 100, 101, 110, 99, 101, 95, 105, 100, 115, 34, 58, 91, 34, 48, 48, 48, 48, 48, 48, 48, 48, 48, 48, 48, 48, 48, 48, 48, 48, 48, 48, 48, 48, 48, 48, 48, 48, 48, 48, 48, 48, 49, 48, 54, 52, 34, 44, 34, 48, 48, 48, 48, 48, 48, 48, 48, 48, 48, 48, 48, 48, 48, 48, 48, 48, 48, 48, 48, 48, 48, 48, 48, 48, 48, 48, 48, 49, 48, 54, 53, 34, 44, 34, 48, 48, 48, 48, 48, 48, 48, 48, 48, 48, 48, 48, 48, 48, 48, 48, 48, 48, 48, 48, 48, 48, 48, 48, 48, 48, 48, 48, 49, 48, 54, 54, 34, 44, 34, 48, 48, 48, 48, 48, 48, 48, 48, 48, 48, 48, 48, 48, 48, 48, 48, 48, 48, 48, 48, 48, 48, 48, 48, 48, 48, 48, 48, 49, 48, 54, 55, 34, 44, 34, 48, 48, 48, 48, 48, 48, 48, 48, 48, 48, 48, 48, 48, 48, 48, 48, 48, 48, 48, 48, 48, 48, 48, 48, 48, 48, 48, 48, 49, 48, 54, 56, 34, 44, 34, 48, 48, 48, 48, 48, 48, 48, 48, 48, 48, 48, 48, 48, 48, 48, 48, 48, 48, 48, 48, 48, 48, 48, 48, 48, 48, 48, 48, 49, 48, 54, 57, 34, 44, 34, 48, 48, 48, 48, 48, 48, 48, 48, 48, 48, 48, 48, 48, 48, 48, 48, 48, 48, 48, 48, 48, 48, 48, 48, 48, 48, 48, 48, 49, 48, 54, 97, 34, 44, 34, 48, 48, 48, 48, 48, 48, 48, 48, 48, 48, 48, 48, 48, 48, 48, 48, 48, 48, 48, 48, 48, 48, 48, 48, 48, 48, 48, 48, 49, 48, 54, 98, 34, 44, 34, 48, 48, 48, 48, 48, 48, 48, 48, 48, 48, 48, 48, 48, 48, 48, 48, 48, 48, 48, 48, 48, 48, 48, 48, 48, 48, 48, 48, 49, 48, 54, 99, 34, 44, 34, 48, 48, 48, 48, 48, 48, 48, 48, 48, 48, 48, 48, 48, 48, 48, 48, 48, 48, 48, 48, 48, 48, 48, 48, 48, 48, 48, 48, 49, 48, 54, 100, 34, 44, 34, 48, 48, 48, 48, 48, 48, 48, 48, 48, 48, 48, 48, 48, 48, 48, 48, 48, 48, 48, 48, 48, 48, 48, 48, 48, 48, 48, 48, 49, 48, 54, 101, 34, 44, 34, 48, 48, 48, 48, 48, 48, 48, 48, 48, 48, 48, 48, 48, 48, 48, 48, 48, 48, 48, 48, 48, 48, 48, 48, 48, 48, 48, 48, 49, 48, 54, 102, 34, 93, 44, 34, 101, 120, 101, 99, 117, 116, 105, 111, 110, 34, 58, 34, 109, 97, 110, 117, 97, 108, 34, 44, 34, 101, 120, 112, 101, 99, 116, 101, 100, 95, 101, 102, 102, 101, 99, 116, 34, 58, 34, 110, 111, 110, 101, 34, 44, 34, 102, 105, 110, 100, 105, 110, 103, 95, 105, 100, 34, 58, 34, 101, 97, 54, 55, 101, 101, 100, 52, 53, 48, 97, 51, 53, 54, 99, 51, 48, 56, 52, 48, 56, 102, 48, 50, 50, 99, 55, 57, 54, 56, 53, 51, 34, 44, 34, 103, 101, 110, 101, 114, 97, 116, 111, 114, 118, 101, 114, 115, 105, 111, 110, 34, 58, 49, 44, 34, 105, 110, 116, 101, 110, 116, 95, 114, 101, 118, 105, 115, 105, 111, 110, 34, 58, 48, 44, 34, 108, 105, 115, 116, 101, 110, 95, 102, 111, 114, 34, 58, 34, 79, 98, 32, 100, 101, 114, 32, 77, 97, 115, 116, 101, 114, 32, 105, 109, 32, 109, 97, 114, 107, 105, 101, 114, 116, 101, 110, 32, 66, 101, 114, 101, 105, 99, 104, 32, 76, 117, 102, 116, 32, 98, 101, 107, 111, 109, 109, 116, 46, 34, 44, 34, 112, 97, 114, 97, 109, 101, 116, 101, 114, 115, 34, 58, 123, 125, 44, 34, 112, 114, 111, 112, 111, 115, 97, 108, 95, 105, 100, 34, 58, 34, 57, 52, 97, 52, 54, 53, 50, 48, 97, 55, 55, 54, 51, 102, 98, 97, 99, 55, 100, 55, 50, 50, 54, 99, 53, 53, 56, 100, 55, 48, 54, 49, 34, 44, 34, 112, 114, 111, 112, 111, 115, 97, 108, 95, 115, 99, 104, 101, 109, 97, 34, 58, 49, 44, 34, 112, 114, 111, 116, 101, 99, 116, 101, 100, 95, 116, 114, 97, 105, 116, 115, 34, 58, 91, 93, 44, 34, 114, 101, 118, 101, 114, 116, 34, 58, 34, 110, 111, 110, 101, 95, 110, 101, 101, 100, 101, 100, 34, 44, 34, 115, 116, 111, 112, 95, 105, 102, 34, 58, 91, 34, 103, 117, 97, 114, 100, 114, 97, 105, 108, 95, 97, 98, 100, 101, 99, 107, 117, 110, 103, 34, 44, 34, 103, 117, 97, 114, 100, 114, 97, 105, 108, 95, 108, 111, 117, 100, 110, 101, 115, 115, 34, 93, 44, 34, 116, 97, 114, 103, 101, 116, 34, 58, 34, 48, 48, 48, 48, 48, 48, 48, 48, 48, 48, 48, 48, 48, 48, 48, 48, 48, 48, 48, 48, 48, 48, 48, 48, 48, 48, 48, 48, 48, 48, 48, 49, 34, 125, 93]
note: run with `RUST_BACKTRACE=1` environment variable to display a backtrace


failures:
    derselbe_eingang_erzeugt_denselben_entwurf

test result: FAILED. 0 passed; 1 failed; 0 ignored; 0 measured; 14 filtered out; finished in 0.58s

   Compiling eqcop-broker v0.1.0 (C:\Users\phili\Projekte\Nakama\broker)
    Finished `test` profile [unoptimized + debuginfo] target(s) in 2.98s
     Running tests\sonde014_proposal.rs (broker\target\debug\deps\sonde014_proposal-7c92fc847c987d9d.exe)
error: test failed, to rerun pass `--test sonde014_proposal`

[2] RUECKNAHME ZURUECKGENOMMEN, LAUF ERNEUT - erwartet GRUEN (Exitcode 0)
========================================================================

running 1 test
test derselbe_eingang_erzeugt_denselben_entwurf ... ok

test result: ok. 1 passed; 0 failed; 0 ignored; 0 measured; 14 filtered out; finished in 28.03s

   Compiling eqcop-broker v0.1.0 (C:\Users\phili\Projekte\Nakama\broker)
    Finished `test` profile [unoptimized + debuginfo] target(s) in 3.10s
     Running tests\sonde014_proposal.rs (broker\target\debug\deps\sonde014_proposal-7c92fc847c987d9d.exe)

URTEIL: OK (rot=101, gruen=0)
